3
0 2 2 1
-85 3 1 3 2
95 1 1
7
0 2 2 1
33 5 4 2 1 3 5
-100 5 1 4 2 5 3
96 4 4 2 3 1
-75 2 2 1
80 2 2 1
86 6 2 5 6 3 4 1
7
0 1 1
85 1 1
-38 4 2 3 1 4
-76 7 7 5 3 4 2 1 6
74 2 1 2
-73 4 1 3 4 2
0 3 3 1 2
9
0 9 9 3 7 4 1 6 2 8 5
-39 4 1 4 2 3
-72 6 6 2 5 3 4 1
71 4 3 1 2 4
10 3 1 3 2
-15 1 1
-19 4 4 1 2 3
82 7 2 1 5 7 6 4 3
-61 4 4 2 1 3
10
0 1 1
-21 2 2 1
-37 2 1 2
-7 7 6 1 4 3 2 5 7
-97 8 2 6 1 8 3 4 7 5
84 5 2 5 4 1 3
-7 6 6 2 3 1 4 5
-41 7 1 7 5 6 4 2 3
-44 10 9 3 2 10 1 7 4 6 5 8
87 7 1 5 7 3 2 4 6
2
0 1 1
-41 2 1 2
10
0 9 7 2 9 3 5 4 6 8 1
3 10 8 4 10 7 6 1 2 9 5 3
-58 2 1 2
29 9 4 6 3 1 5 2 8 7 9
15 2 1 2
-61 5 3 4 5 2 1
-5 4 1 2 3 4
8 7 2 6 5 4 7 3 1
17 1 1
-26 7 4 5 3 7 2 1 6
3
0 1 1
87 3 2 1 3
-58 3 2 3 1
9
0 8 3 2 7 5 4 1 8 6
74 8 5 2 8 4 7 1 3 6
-88 4 4 2 3 1
77 9 6 1 2 7 8 9 4 5 3
-48 1 1
-77 7 3 4 2 5 6 1 7
16 6 5 2 6 1 3 4
-77 1 1
-44 2 2 1
6
0 5 3 1 5 4 2
44 1 1
1 2 2 1
21 6 3 2 6 4 1 5
73 6 2 1 3 5 4 6
-57 6 4 2 1 3 5 6
3
0 1 1
-30 3 2 3 1
-85 1 1
6
0 1 1
63 4 2 1 4 3
-89 5 5 2 4 3 1
-41 1 1
-89 2 1 2
-56 2 1 2
4
0 1 1
10 4 2 4 3 1
48 2 2 1
14 1 1
5
0 1 1
-17 2 1 2
4 3 3 1 2
8 2 2 1
-40 4 4 3 2 1
3
0 1 1
84 3 3 2 1
-59 2 1 2
2
0 2 2 1
-52 2 1 2
2
0 2 2 1
88 1 1
4
0 3 3 2 1
68 4 2 4 1 3
89 1 1
-68 2 1 2
9
0 4 3 1 2 4
-13 6 2 5 1 6 4 3
93 4 3 1 2 4
-46 9 3 2 4 6 9 8 5 1 7
-88 9 9 1 5 6 8 7 2 3 4
99 9 3 1 7 2 4 9 5 6 8
-95 9 1 6 4 2 9 8 5 7 3
-7 2 1 2
-97 6 3 5 6 2 4 1
9
0 9 8 9 4 2 7 1 5 3 6
45 3 1 2 3
-15 3 2 1 3
-45 5 1 2 5 3 4
71 8 2 3 7 6 5 4 1 8
79 1 1
-87 6 4 6 3 5 1 2
82 3 2 3 1
-87 9 8 9 3 5 4 6 1 2 7
10
0 6 6 4 3 5 2 1
28 7 5 6 2 4 3 1 7
-53 7 4 5 6 1 2 3 7
4 5 2 1 5 3 4
-5 5 1 4 2 5 3
75 10 7 10 6 8 5 1 4 3 2 9
-28 7 3 6 7 5 1 4 2
20 8 6 7 8 3 4 2 5 1
34 6 4 3 6 1 5 2
-34 4 2 1 4 3
4
0 2 1 2
1 1 1
-79 4 2 3 4 1
45 2 1 2
10
0 1 1
81 3 3 1 2
85 3 3 2 1
-75 5 2 5 1 3 4
21 7 5 4 3 7 1 2 6
82 9 7 2 1 5 6 8 9 4 3
81 9 7 2 8 1 3 6 5 4 9
12 4 2 3 1 4
98 6 4 2 3 5 6 1
61 8 8 5 6 4 1 2 7 3
5
0 1 1
-20 5 3 1 2 5 4
-62 4 3 4 1 2
69 2 2 1
-67 5 1 4 5 3 2
4
0 2 2 1
96 4 2 3 1 4
1 2 1 2
-74 1 1
8
0 7 5 2 7 3 4 1 6
32 5 3 2 5 1 4
92 1 1
-39 6 1 5 3 4 6 2
63 7 6 3 1 5 7 2 4
-87 7 7 1 6 3 4 2 5
89 2 1 2
27 4 3 1 4 2
10
0 9 5 9 4 2 8 1 6 7 3
-89 6 2 3 1 5 4 6
48 1 1
-37 10 3 9 8 10 4 1 7 5 6 2
-33 3 3 1 2
-81 3 3 2 1
43 9 2 8 1 3 9 6 4 5 7
68 10 2 10 4 8 3 1 7 5 6 9
2 6 5 1 3 4 6 2
4 10 3 2 5 6 1 9 7 10 8 4
7
0 3 2 3 1
52 6 1 5 2 3 4 6
94 6 2 6 5 4 3 1
96 2 1 2
-38 4 1 4 3 2
-17 6 4 1 6 3 2 5
17 7 7 1 5 2 6 4 3
3
0 2 2 1
20 2 1 2
-7 1 1
10
0 7 5 2 6 4 7 1 3
-39 4 2 3 4 1
17 4 2 3 1 4
4 7 5 6 7 2 1 3 4
22 4 4 3 2 1
29 2 2 1
-96 5 4 5 3 1 2
75 8 1 7 5 2 8 6 4 3
81 1 1
-14 1 1
10
0 2 2 1
-81 5 3 1 2 5 4
72 9 8 9 4 6 7 5 2 3 1
0 10 7 4 3 2 1 9 5 6 8 10
96 8 1 5 7 3 8 6 2 4
-19 4 4 3 1 2
74 5 4 1 2 5 3
45 9 9 6 1 5 3 7 4 8 2
-76 10 10 4 5 9 1 3 8 6 2 7
-32 5 1 5 2 3 4
3
0 2 2 1
-28 3 3 1 2
44 2 1 2
9
0 4 1 4 2 3
-51 6 4 2 3 6 1 5
84 1 1
78 1 1
-30 1 1
44 4 2 3 4 1
99 8 6 4 3 7 5 2 8 1
69 9 2 7 1 6 8 4 9 3 5
-37 8 3 2 5 1 7 8 4 6
8
0 2 1 2
-44 2 2 1
96 6 5 6 2 1 4 3
85 3 2 1 3
51 3 1 3 2
37 2 2 1
80 5 4 1 5 2 3
9 1 1
10
0 4 1 2 4 3
-86 5 5 4 3 2 1
48 7 7 5 1 3 4 6 2
74 4 2 1 4 3
-34 10 8 7 4 6 1 9 5 2 10 3
-49 9 4 2 8 9 7 6 3 5 1
-27 5 4 5 2 3 1
-44 9 6 9 5 2 3 8 1 4 7
-9 8 5 6 3 8 4 7 2 1
-89 3 3 1 2
8
0 4 3 1 4 2
-65 6 2 5 6 1 3 4
76 4 3 2 1 4
-95 5 4 1 5 3 2
-51 5 3 5 2 1 4
-3 2 2 1
38 5 5 1 2 4 3
11 7 6 2 3 7 1 5 4
9
0 4 2 1 3 4
87 4 4 2 1 3
-41 8 7 6 5 2 4 8 1 3
99 3 1 2 3
58 1 1
-44 2 2 1
15 9 5 6 2 4 1 9 8 7 3
-21 8 5 2 3 4 7 6 8 1
95 8 4 1 3 7 8 6 2 5
7
0 1 1
-68 2 2 1
56 4 4 3 1 2
-52 1 1
59 5 2 5 3 4 1
-73 5 2 5 1 3 4
-84 6 6 3 4 5 2 1
6
0 1 1
-2 4 3 2 1 4
-91 6 1 6 4 2 5 3
13 6 4 3 6 2 5 1
23 5 5 3 2 4 1
4 5 4 1 2 5 3
7
0 4 1 3 4 2
50 7 2 6 5 7 3 1 4
9 6 3 4 5 2 6 1
-69 5 3 1 4 5 2
61 7 7 4 1 2 5 3 6
41 5 3 5 4 2 1
94 4 2 3 4 1
7
0 2 2 1
-78 7 7 6 5 2 4 3 1
-47 5 1 2 4 5 3
-26 7 1 4 5 7 2 3 6
-75 3 3 1 2
32 6 5 2 1 3 4 6
-79 2 1 2
9
0 9 8 9 6 1 4 3 7 2 5
-52 7 2 6 1 4 3 5 7
72 7 2 7 1 6 4 3 5
51 5 3 5 4 2 1
72 9 3 8 9 2 4 1 7 6 5
82 4 3 4 2 1
80 8 2 8 3 4 7 1 6 5
72 2 1 2
2 3 2 1 3
2
0 1 1
6 2 1 2
2
0 2 2 1
-88 1 1
3
0 3 1 2 3
80 3 1 2 3
-92 1 1
9
0 2 1 2
-8 8 2 8 6 7 5 1 4 3
-9 4 3 4 2 1
-40 5 1 2 5 3 4
-98 5 4 3 1 5 2
-92 1 1
-90 9 9 4 8 3 5 1 6 2 7
-71 2 1 2
22 4 2 1 3 4
8
0 7 2 5 4 6 3 1 7
-21 8 5 7 1 2 3 4 8 6
-93 8 4 3 2 6 7 8 1 5
54 4 4 2 1 3
-84 1 1
15 3 1 3 2
63 2 2 1
-70 7 3 5 1 2 6 7 4
3
0 3 1 3 2
3 1 1
66 3 2 1 3
2
0 1 1
45 1 1
8
0 8 1 3 4 8 2 7 6 5
-47 5 1 4 3 5 2
-73 2 1 2
96 2 2 1
59 8 2 4 7 5 8 6 3 1
-94 6 3 1 6 5 2 4
-63 4 2 3 4 1
-58 2 2 1
7
0 7 4 7 2 5 6 1 3
25 7 2 5 1 7 4 3 6
16 7 7 1 5 2 3 4 6
-10 7 1 6 3 7 2 5 4
-90 7 4 5 2 7 3 6 1
57 6 2 3 1 5 6 4
-41 6 1 5 3 6 2 4
5
0 3 1 3 2
-90 4 3 1 4 2
47 2 1 2
-78 2 1 2
46 3 2 1 3
10
0 5 4 3 5 1 2
93 7 5 2 4 3 7 1 6
-13 7 7 4 2 1 3 6 5
-93 9 8 3 5 4 6 7 2 9 1
-90 9 1 7 5 4 8 6 9 2 3
61 3 2 1 3
-8 10 9 7 5 8 10 4 6 1 3 2
82 1 1
92 9 2 7 6 5 9 8 1 3 4
-85 5 4 1 3 5 2
10
0 7 1 3 2 7 4 6 5
25 3 1 2 3
-25 10 5 4 7 1 2 10 3 8 6 9
14 8 5 7 3 1 8 2 4 6
68 2 1 2
-11 3 1 2 3
7 5 2 3 5 4 1
87 9 3 4 6 7 5 9 8 1 2
8 4 3 4 1 2
28 10 6 7 2 5 1 8 4 10 9 3
8
0 6 4 2 5 1 6 3
-74 4 2 3 1 4
2 6 3 1 4 2 6 5
88 3 1 2 3
-8 1 1
21 2 1 2
36 2 2 1
-100 1 1
10
0 6 1 6 5 4 2 3
-53 8 7 8 1 4 3 5 2 6
-63 9 6 7 3 9 8 1 4 2 5
63 2 2 1
-31 2 1 2
-74 6 4 1 2 3 6 5
-3 5 1 3 5 4 2
4 8 3 6 4 7 5 2 1 8
-27 3 1 3 2
31 4 1 4 2 3
9
0 8 8 3 6 4 2 5 1 7
96 6 5 1 3 4 6 2
21 6 6 3 4 2 1 5
-36 8 8 7 4 6 5 1 3 2
-60 3 1 3 2
-12 9 7 5 1 3 9 6 4 2 8
83 5 4 1 3 5 2
23 9 4 9 2 7 5 3 6 1 8
-75 9 2 7 9 1 8 6 4 5 3
9
0 5 1 5 4 2 3
-39 2 1 2
15 6 5 6 2 4 1 3
89 2 1 2
60 5 3 2 1 4 5
-12 9 2 5 7 3 4 9 1 8 6
-44 3 2 1 3
-24 4 3 1 4 2
-55 6 2 5 4 6 1 3
4
0 2 1 2
-31 1 1
-76 4 3 2 4 1
-99 2 2 1
7
0 4 3 1 2 4
-2 5 4 1 5 3 2
92 6 6 5 2 3 4 1
61 6 6 5 1 4 2 3
80 1 1
-14 2 2 1
73 6 3 2 4 5 1 6
5
0 1 1
-60 1 1
51 3 3 1 2
56 2 2 1
-11 3 3 1 2
9
0 3 2 1 3
49 2 1 2
52 7 3 4 5 1 6 2 7
-84 7 3 4 6 7 2 1 5
-38 1 1
82 6 5 3 4 6 2 1
6 5 1 4 3 5 2
-65 1 1
-55 3 3 1 2
8
0 8 1 7 4 8 3 2 5 6
-93 3 1 3 2
-1 5 4 3 2 5 1
-48 5 1 2 4 3 5
-93 6 3 1 6 4 2 5
-89 5 1 5 3 4 2
20 7 5 1 6 7 4 2 3
-49 5 2 1 3 5 4
2
0 1 1
91 2 1 2
7
0 5 5 1 3 2 4
21 2 2 1
-22 5 3 5 2 1 4
-58 5 2 5 3 4 1
12 3 3 2 1
68 7 3 5 1 6 2 7 4
-18 4 1 3 2 4
7
0 7 2 5 1 3 6 7 4
32 4 1 2 3 4
6 6 6 5 4 1 3 2
-64 4 4 3 1 2
86 3 1 3 2
21 1 1
-36 1 1
3
0 2 2 1
-59 1 1
24 2 1 2
9
0 7 1 2 6 4 3 5 7
-79 7 2 6 4 7 1 5 3
89 9 5 8 7 9 1 6 4 3 2
-39 5 1 3 5 2 4
69 1 1
25 9 2 1 9 8 5 7 6 4 3
46 8 8 7 6 4 5 3 1 2
-65 4 4 3 1 2
-42 4 4 3 2 1
10
0 4 3 2 1 4
22 5 5 3 4 2 1
66 2 2 1
-71 1 1
92 8 8 4 1 6 7 5 3 2
16 9 5 6 7 3 8 2 4 9 1
97 1 1
15 4 3 2 4 1
-14 1 1
-41 5 5 2 4 1 3
3
0 1 1
-77 1 1
29 1 1
2
0 1 1
57 1 1
6
0 3 3 2 1
79 6 4 6 5 1 3 2
18 3 1 3 2
45 4 1 4 2 3
-32 1 1
60 5 5 2 1 3 4
7
0 4 1 3 4 2
33 2 1 2
-98 6 3 2 6 1 4 5
-85 2 2 1
35 4 3 1 4 2
-77 3 1 3 2
-61 4 4 1 2 3
7
0 4 2 4 3 1
-49 1 1
25 2 2 1
-78 4 4 3 2 1
-4 2 2 1
-44 1 1
23 5 1 2 3 4 5
4
0 4 2 1 4 3
80 1 1
-4 4 1 4 3 2
-78 4 4 2 3 1
5
0 1 1
-1 5 5 2 1 4 3
24 2 2 1
82 2 1 2
-32 3 3 1 2
2
0 1 1
-15 2 2 1
6
0 2 1 2
53 5 3 5 1 4 2
-9 4 2 3 1 4
78 5 2 4 3 1 5
-16 5 1 5 2 4 3
0 6 1 2 5 3 4 6
6
0 6 4 6 3 1 5 2
59 4 2 1 3 4
62 5 4 3 2 1 5
-2 4 3 2 1 4
-89 3 1 2 3
13 3 1 3 2
4
0 3 2 1 3
42 4 4 1 3 2
41 1 1
-19 1 1
9
0 6 1 2 6 4 3 5
-32 5 4 3 2 5 1
-29 1 1
59 5 2 1 3 5 4
-63 5 4 2 1 5 3
-89 9 6 8 7 3 9 5 4 1 2
62 2 2 1
45 2 1 2
-40 5 3 5 2 4 1
3
0 2 1 2
-75 3 2 1 3
55 1 1
7
0 3 2 3 1
40 4 1 3 4 2
17 7 1 5 7 4 6 2 3
-58 2 1 2
-5 1 1
98 6 1 5 2 4 3 6
-86 4 1 2 4 3
5
0 2 1 2
14 1 1
-26 4 4 2 1 3
-61 3 3 1 2
-77 3 3 2 1
7
0 3 2 3 1
-69 3 2 1 3
47 7 5 2 6 1 4 3 7
1 3 2 3 1
-71 3 3 1 2
-55 1 1
-29 1 1
7
0 4 1 2 3 4
83 3 3 2 1
-91 4 1 3 4 2
-6 5 2 3 5 4 1
-89 7 1 7 4 3 5 2 6
73 7 1 7 5 2 6 4 3
-8 3 2 1 3
2
0 1 1
-7 2 1 2
8
0 5 3 4 1 2 5
-34 5 5 3 2 1 4
-90 5 5 2 3 4 1
-43 7 3 7 1 2 6 5 4
82 3 2 1 3
52 4 1 4 2 3
-80 6 2 6 1 5 3 4
40 3 3 2 1
2
0 1 1
12 2 2 1
3
0 2 1 2
80 2 2 1
15 3 1 2 3
3
0 2 2 1
23 2 2 1
-6 2 1 2
4
0 3 2 3 1
-78 3 2 1 3
95 2 2 1
-95 3 1 3 2
2
0 1 1
-50 1 1
7
0 4 4 2 1 3
-45 4 2 3 4 1
98 5 5 3 1 2 4
-98 6 4 6 2 5 1 3
54 5 4 2 1 5 3
-39 7 6 3 5 2 1 7 4
24 5 3 5 4 2 1
10
0 6 3 2 6 4 1 5
9 10 7 1 3 4 9 2 8 5 6 10
-52 8 8 4 5 3 7 6 1 2
9 7 6 5 2 1 3 7 4
-60 1 1
-99 5 4 1 3 2 5
-62 1 1
-55 9 8 5 6 7 4 9 2 3 1
-37 9 1 2 7 3 6 5 4 8 9
59 8 3 8 7 2 5 4 1 6
4
0 3 3 1 2
-79 2 1 2
-42 2 2 1
-38 4 4 3 2 1
10
0 1 1
-78 1 1
-94 8 6 4 1 7 5 3 2 8
-13 6 2 1 4 3 6 5
16 2 1 2
11 8 2 4 5 1 3 8 7 6
2 5 4 1 3 2 5
24 9 4 9 2 3 5 1 6 7 8
-41 2 1 2
79 1 1
5
0 1 1
-21 2 2 1
-60 3 3 1 2
60 4 2 3 4 1
43 1 1
5
0 5 3 2 1 4 5
-20 5 4 2 5 3 1
-89 2 1 2
-94 4 4 2 3 1
-4 4 3 2 1 4
10
0 3 1 3 2
24 8 8 3 1 6 2 7 4 5
-55 10 9 2 1 10 7 8 6 4 3 5
-49 7 7 1 5 2 3 4 6
-48 3 2 3 1
47 9 7 2 3 8 6 1 9 5 4
35 10 5 7 10 1 4 2 9 3 6 8
-24 10 6 7 2 1 3 5 8 9 4 10
-70 6 3 1 6 5 4 2
-15 3 2 1 3
3
0 1 1
-71 2 2 1
32 3 1 2 3
8
0 5 4 1 5 3 2
22 7 1 7 4 2 3 5 6
-94 4 3 4 2 1
64 8 2 1 8 4 7 5 3 6
-89 5 1 2 5 3 4
-12 8 4 7 3 5 1 2 6 8
-77 1 1
27 8 2 7 5 4 6 1 8 3
3
0 2 2 1
30 1 1
-75 2 2 1
7
0 1 1
78 7 2 6 1 7 4 3 5
-100 3 3 1 2
-59 5 1 4 5 2 3
-89 3 2 3 1
-1 4 1 3 2 4
88 5 2 5 1 4 3
10
0 9 7 5 6 2 8 3 1 4 9
50 3 2 1 3
29 2 1 2
95 2 2 1
87 1 1
38 4 2 1 4 3
-38 2 1 2
-26 3 1 2 3
-98 4 3 1 4 2
25 10 1 6 2 5 10 8 7 3 4 9
7
0 1 1
78 6 3 5 6 1 4 2
-66 5 1 5 2 4 3
86 4 3 4 1 2
85 5 3 1 4 2 5
61 3 2 3 1
-70 1 1
10
0 2 1 2
14 7 6 1 3 7 2 5 4
-83 8 4 2 3 6 8 1 7 5
36 9 8 7 4 3 6 5 9 1 2
-42 8 5 8 6 4 3 7 1 2
82 1 1
37 6 5 4 1 6 3 2
-20 10 8 9 4 7 6 3 2 5 10 1
77 4 3 4 2 1
-89 2 2 1
5
0 2 1 2
73 5 5 4 1 2 3
98 4 4 1 3 2
10 2 2 1
-2 4 4 1 3 2
5
0 2 2 1
13 3 1 2 3
99 3 3 2 1
86 4 1 4 2 3
-8 2 2 1
9
0 3 1 3 2
-4 5 5 4 1 2 3
-48 7 2 3 7 6 4 1 5
38 9 9 7 1 2 4 5 8 6 3
-48 2 2 1
-47 1 1
-44 4 3 2 4 1
-42 3 3 2 1
-24 4 4 2 3 1
10
0 5 4 5 3 1 2
5 5 5 2 3 4 1
-9 9 8 7 3 1 9 2 5 6 4
6 6 4 1 3 6 5 2
-32 5 3 4 5 1 2
-92 6 3 4 6 5 2 1
-53 4 2 1 4 3
-49 4 4 1 2 3
-33 1 1
31 8 3 2 5 1 4 8 7 6
5
0 2 2 1
-23 3 3 1 2
-11 4 3 2 1 4
36 1 1
-97 3 3 2 1
10
0 3 2 3 1
36 5 3 4 2 1 5
95 5 2 4 3 5 1
-48 9 8 7 3 9 5 1 2 4 6
-63 2 1 2
34 9 8 7 9 6 1 5 2 3 4
22 7 3 6 4 7 5 2 1
-36 6 1 3 2 4 6 5
-57 4 1 3 4 2
-42 8 2 8 7 1 4 6 3 5
2
0 1 1
-33 1 1
5
0 3 1 2 3
35 4 1 4 2 3
92 2 2 1
11 2 1 2
-12 5 4 1 5 3 2
4
0 2 1 2
-58 3 1 3 2
32 3 3 1 2
70 1 1
5
0 4 2 4 1 3
-93 3 1 3 2
70 4 4 1 3 2
53 3 3 1 2
-28 1 1
2
0 1 1
-60 2 2 1
6
0 3 1 2 3
-39 4 2 3 4 1
-63 2 2 1
-33 1 1
-31 1 1
41 5 3 2 1 4 5
7
0 4 1 2 3 4
12 7 5 2 7 6 4 1 3
19 3 2 1 3
-50 6 2 3 1 6 4 5
-81 7 5 1 2 7 4 3 6
-73 1 1
88 6 1 3 5 4 2 6
6
0 3 1 2 3
-72 3 3 1 2
-20 3 1 3 2
-73 5 5 4 1 3 2
-91 5 1 2 3 4 5
85 2 1 2
6
0 3 2 3 1
-74 2 1 2
-18 3 2 1 3
31 2 1 2
-2 3 2 1 3
-63 6 2 3 6 1 4 5
8
0 5 2 1 4 5 3
-8 5 5 3 2 4 1
-5 4 4 2 3 1
-51 1 1
-61 2 1 2
72 3 2 1 3
0 8 1 8 5 6 2 4 7 3
-89 4 4 3 1 2
8
0 7 1 2 5 3 6 4 7
-21 5 4 1 3 2 5
13 7 7 2 6 4 1 3 5
-64 8 5 1 3 8 4 6 2 7
-48 2 2 1
-83 1 1
-91 4 4 2 3 1
12 8 3 1 5 4 7 2 6 8
5
0 4 2 3 1 4
32 1 1
13 5 2 1 5 4 3
80 3 1 3 2
-47 1 1
5
0 4 3 4 1 2
-44 5 4 2 3 1 5
8 5 5 1 2 3 4
13 2 2 1
14 1 1
9
0 1 1
59 2 1 2
-52 7 2 3 5 4 6 7 1
-95 7 3 2 6 7 5 1 4
59 6 2 6 4 1 5 3
-41 2 1 2
93 2 2 1
0 2 2 1
39 1 1
5
0 3 3 2 1
-10 2 1 2
27 2 2 1
96 2 1 2
-40 1 1
3
0 1 1
-93 1 1
-85 2 2 1
7
0 1 1
-94 3 2 1 3
63 5 4 2 1 3 5
-68 1 1
-62 6 5 6 2 4 1 3
-100 4 2 1 3 4
41 2 1 2
7
0 3 3 2 1
60 7 6 7 2 1 3 4 5
52 4 2 4 3 1
-84 6 6 1 3 2 5 4
-27 2 2 1
-39 5 4 3 5 2 1
-14 2 2 1
5
0 4 1 4 3 2
-57 5 4 3 2 1 5
-40 4 2 1 4 3
97 1 1
-85 1 1
7
0 3 1 3 2
2 2 1 2
-97 1 1
76 1 1
54 3 3 2 1
46 5 3 5 2 4 1
-81 3 2 3 1
3
0 2 2 1
35 2 2 1
-17 1 1
8
0 4 1 2 4 3
98 4 3 4 1 2
-28 1 1
-9 3 2 1 3
-1 6 1 4 6 2 5 3
66 3 1 2 3
19 6 4 2 5 3 1 6
1 8 1 5 4 2 8 6 3 7
9
0 7 6 5 2 4 1 7 3
90 7 7 1 2 3 5 4 6
66 1 1
-81 4 4 2 3 1
21 3 2 1 3
-19 6 1 5 2 4 3 6
82 8 7 5 1 4 8 2 6 3
-52 3 3 2 1
-47 2 2 1
5
0 2 1 2
36 1 1
-84 2 2 1
96 4 4 2 1 3
22 4 3 2 4 1
4
0 3 3 2 1
-8 4 3 4 2 1
-37 4 2 3 1 4
-3 3 2 1 3
2
0 1 1
-82 1 1
10
0 3 3 2 1
96 8 8 6 1 7 4 2 3 5
39 9 5 7 6 2 9 4 3 8 1
30 3 2 1 3
-56 4 3 4 2 1
-92 7 3 6 7 4 5 1 2
83 1 1
-80 8 5 8 1 6 3 4 7 2
98 5 2 5 1 3 4
93 8 1 6 3 7 4 8 2 5
7
0 6 1 6 5 2 4 3
-88 6 5 4 1 6 3 2
-4 7 3 2 4 1 7 6 5
46 5 4 2 5 3 1
-14 2 2 1
58 1 1
70 6 4 1 5 2 6 3
9
0 3 3 2 1
-87 5 3 1 4 5 2
48 7 4 5 7 1 6 3 2
39 2 1 2
71 2 2 1
-11 1 1
-2 3 3 2 1
-76 6 3 5 1 2 4 6
-91 7 1 6 4 5 2 7 3
8
0 3 3 1 2
-7 4 1 4 3 2
10 8 7 4 8 3 6 1 5 2
-25 4 2 4 3 1
78 3 3 1 2
-12 3 2 3 1
-99 2 1 2
24 1 1
10
0 8 7 1 4 2 5 3 6 8
4 2 2 1
37 5 4 3 5 2 1
-22 3 3 2 1
-84 3 3 1 2
-34 2 2 1
-86 1 1
54 3 3 2 1
-55 10 5 9 6 8 7 3 2 1 4 10
-64 5 1 4 2 3 5
3
0 2 1 2
-68 3 1 3 2
-25 3 3 1 2
6
0 3 3 1 2
-79 3 2 3 1
15 5 5 2 3 4 1
-46 4 2 3 4 1
90 3 1 3 2
-34 3 3 2 1
5
0 1 1
59 1 1
68 2 1 2
67 5 1 4 2 3 5
95 2 2 1
8
0 1 1
21 5 3 4 1 2 5
-85 2 1 2
4 7 6 5 4 1 3 7 2
78 5 2 1 5 4 3
60 6 5 1 2 3 6 4
59 3 3 2 1
-15 1 1
9
0 9 8 3 4 6 7 2 5 1 9
-21 5 3 1 5 2 4
-27 3 2 1 3
26 7 7 2 3 1 5 4 6
-54 4 4 3 1 2
-15 6 2 1 6 4 3 5
12 2 2 1
87 1 1
-85 4 2 3 1 4
7
0 7 3 5 4 7 1 2 6
-28 2 2 1
40 5 1 5 3 2 4
83 2 2 1
-97 3 2 1 3
-57 3 3 2 1
50 3 2 1 3
4
0 2 1 2
-12 1 1
-33 3 2 3 1
-8 3 3 1 2
5
0 5 1 5 2 4 3
18 5 3 1 5 2 4
-14 4 1 4 2 3
17 4 4 2 1 3
-91 1 1
10
0 4 2 3 1 4
19 3 1 3 2
-31 4 4 1 2 3
-30 4 4 1 2 3
58 4 3 4 1 2
-29 7 7 3 6 5 4 1 2
52 5 2 4 3 1 5
70 5 3 2 4 5 1
-69 4 3 4 2 1
94 6 4 5 1 6 2 3
5
0 4 3 1 2 4
13 4 1 4 2 3
17 1 1
-77 2 2 1
-84 1 1
5
0 1 1
21 5 1 5 3 2 4
-91 1 1
-9 1 1
92 1 1
4
0 2 1 2
-99 2 1 2
46 3 3 1 2
-55 2 1 2
9
0 9 7 3 8 6 1 5 4 9 2
-29 8 5 6 3 2 4 7 1 8
48 2 1 2
-22 5 4 1 3 2 5
73 5 5 4 1 2 3
69 5 5 3 1 4 2
28 4 2 3 1 4
-29 7 3 7 2 4 5 6 1
49 1 1
10
0 5 1 4 3 2 5
1 6 6 3 1 2 5 4
-48 3 3 1 2
-97 1 1
-20 5 5 2 3 1 4
0 2 2 1
5 1 1
-28 6 5 6 4 2 1 3
-30 3 2 3 1
4 7 6 4 5 2 1 7 3
5
0 1 1
-89 5 4 1 5 3 2
-25 1 1
60 2 2 1
51 5 4 1 3 5 2
6
0 6 3 4 5 2 6 1
-97 3 3 2 1
34 2 1 2
-59 5 5 3 4 2 1
98 1 1
75 1 1
5
0 1 1
95 1 1
-92 3 3 1 2
-31 2 2 1
65 4 4 2 1 3
10
0 4 3 4 2 1
-90 10 9 5 3 4 6 10 8 7 1 2
38 9 3 8 6 2 1 9 4 5 7
30 5 3 5 1 4 2
-100 10 4 6 8 10 7 9 3 5 1 2
-86 6 1 4 2 6 5 3
87 10 6 3 4 5 9 2 7 8 1 10
-11 9 1 9 2 8 5 4 6 7 3
85 1 1
-62 3 2 1 3
4
0 4 4 1 3 2
7 1 1
-27 3 1 2 3
-5 2 1 2
10
0 2 2 1
-16 1 1
58 1 1
-30 5 5 1 2 3 4
-15 8 2 7 5 8 1 3 6 4
26 8 2 3 8 7 6 1 4 5
-3 5 1 4 2 3 5
34 2 1 2
21 5 5 1 2 3 4
-91 3 3 2 1
5
0 2 1 2
80 1 1
4 5 5 3 2 4 1
-49 2 2 1
-61 4 4 1 2 3
3
0 3 2 3 1
70 2 1 2
-27 2 2 1
9
0 4 4 1 2 3
-59 2 1 2
70 6 6 2 3 5 1 4
-46 8 4 3 1 6 2 8 7 5
-84 3 3 1 2
12 2 1 2
35 2 2 1
21 4 4 2 1 3
-94 9 9 5 7 2 3 4 8 6 1
3
0 3 3 1 2
-58 1 1
-63 3 2 1 3
2
0 2 1 2
-59 2 2 1
8
0 3 3 2 1
-86 6 1 4 2 5 3 6
25 8 3 8 7 6 5 2 4 1
-3 4 3 2 1 4
-60 6 4 1 6 2 3 5
-84 3 2 1 3
22 7 6 5 4 1 3 2 7
-69 2 2 1
9
0 5 2 4 1 3 5
-1 1 1
-53 1 1
-36 8 1 4 6 8 7 5 3 2
-94 8 4 8 2 5 6 1 7 3
98 4 2 3 4 1
51 8 7 2 5 3 6 8 1 4
41 5 5 4 2 3 1
25 9 6 4 3 9 7 8 2 1 5
2
0 2 2 1
41 1 1
6
0 1 1
28 2 2 1
61 6 4 1 2 6 3 5
-63 4 2 1 4 3
-4 5 4 5 3 1 2
70 1 1
2
0 1 1
93 1 1
7
0 3 1 3 2
-43 7 7 2 3 6 5 4 1
-43 7 7 1 6 2 3 4 5
80 3 1 3 2
58 7 1 6 5 7 4 3 2
60 7 7 4 3 2 6 1 5
-95 2 2 1
9
0 5 2 1 3 5 4
-90 2 2 1
89 8 7 4 8 5 1 3 6 2
23 8 8 1 7 2 3 5 4 6
-10 2 1 2
51 8 1 4 8 2 7 5 3 6
-3 7 7 1 4 2 6 5 3
25 8 1 4 6 5 3 2 7 8
98 9 6 4 8 5 2 3 7 1 9
4
0 3 2 3 1
65 3 1 3 2
-88 2 2 1
-64 2 2 1
8
0 5 4 5 1 3 2
-96 5 2 1 5 4 3
42 1 1
13 7 1 7 5 3 4 6 2
-58 1 1
62 2 2 1
74 6 2 4 6 1 3 5
94 7 5 3 2 7 4 6 1
4
0 1 1
68 1 1
-11 3 1 3 2
28 3 2 1 3
5
0 4 3 4 2 1
-77 2 2 1
-60 1 1
-91 1 1
78 4 2 1 3 4
3
0 1 1
71 3 3 2 1
1 2 2 1
8
0 5 1 2 3 4 5
-100 7 3 2 7 4 1 6 5
47 8 7 6 5 3 8 2 4 1
89 3 2 3 1
26 6 2 1 5 4 3 6
-44 5 3 2 5 4 1
-48 4 1 4 2 3
55 6 2 5 4 3 1 6
4
0 1 1
-64 2 2 1
9 4 4 3 2 1
74 2 2 1
10
0 6 1 5 4 3 6 2
35 3 3 1 2
-89 10 5 10 6 8 1 3 9 7 2 4
-6 5 4 3 2 1 5
-48 5 4 3 5 1 2
-33 5 2 4 3 5 1
-66 2 2 1
-60 3 2 3 1
15 6 3 1 4 2 6 5
-16 8 4 6 5 2 7 1 8 3
6
0 1 1
17 1 1
28 6 5 2 4 3 6 1
-65 3 3 2 1
-60 4 3 2 4 1
-97 3 1 2 3
4
0 2 1 2
-71 3 3 2 1
-47 4 4 1 2 3
32 2 2 1
7
0 5 2 4 5 3 1
-38 4 3 1 4 2
-50 1 1
-34 6 2 5 6 3 1 4
-79 1 1
-7 5 5 2 4 3 1
-80 3 3 1 2
8
0 1 1
14 5 3 4 5 2 1
83 8 4 5 8 3 6 1 2 7
24 3 1 2 3
0 8 2 3 5 4 8 1 7 6
62 1 1
27 3 3 2 1
54 3 1 2 3
7
0 2 2 1
22 6 3 4 5 2 6 1
-41 2 1 2
-85 6 4 3 2 1 5 6
99 2 1 2
-4 3 1 3 2
96 5 4 2 3 1 5
4
0 4 1 2 3 4
17 1 1
26 1 1
-38 3 3 2 1
2
0 2 1 2
38 2 2 1
7
0 1 1
48 1 1
-37 3 1 3 2
-5 1 1
43 3 3 2 1
62 4 4 2 3 1
-35 3 2 3 1
2
0 2 2 1
17 1 1
8
0 6 1 5 6 3 2 4
99 1 1
81 2 1 2
-33 1 1
71 3 3 2 1
-44 7 7 5 3 1 4 2 6
96 3 3 2 1
87 7 6 7 2 3 1 5 4
3
0 3 2 1 3
61 2 1 2
52 1 1
3
0 2 2 1
20 1 1
33 1 1
2
0 2 1 2
46 2 2 1
2
0 1 1
28 1 1
7
0 6 5 2 6 1 3 4
-51 6 4 6 2 1 5 3
-53 5 2 5 1 4 3
-28 7 2 7 6 5 3 4 1
58 3 1 3 2
31 6 6 4 1 2 3 5
-75 3 3 2 1
5
0 2 1 2
-80 4 2 4 3 1
51 1 1
-39 5 5 3 1 4 2
54 5 1 5 2 3 4
2
0 2 2 1
51 2 1 2
5
0 1 1
16 5 4 5 1 3 2
-50 1 1
55 3 3 1 2
-70 5 3 1 2 4 5
6
0 3 3 1 2
92 1 1
-3 6 5 4 1 2 6 3
33 3 2 1 3
41 4 3 4 2 1
3 4 3 4 1 2
9
0 8 2 6 8 1 5 3 4 7
44 4 1 3 2 4
-71 7 3 6 4 1 5 7 2
0 9 9 3 4 7 1 8 2 6 5
-15 1 1
-10 6 1 5 6 4 3 2
78 7 2 3 1 6 4 7 5
49 4 4 1 2 3
-93 9 3 8 7 1 5 2 4 6 9
7
0 6 1 4 3 2 5 6
-92 2 1 2
-20 1 1
44 4 3 1 4 2
32 3 2 3 1
63 2 2 1
-33 2 1 2
6
0 5 2 3 5 4 1
-87 1 1
84 4 4 3 1 2
19 1 1
63 2 2 1
12 4 2 4 1 3
6
0 6 2 6 4 1 5 3
77 3 2 3 1
-70 5 2 1 4 3 5
-67 5 5 4 1 2 3
-98 4 3 4 2 1
-52 2 2 1
6
0 5 4 2 5 3 1
46 5 3 4 5 2 1
32 4 2 4 1 3
-62 6 6 1 4 3 2 5
-24 4 4 3 1 2
-25 3 1 3 2
10
0 1 1
81 3 2 3 1
82 4 1 3 4 2
-82 4 1 2 4 3
5 7 1 5 3 6 7 2 4
-88 7 5 4 3 6 1 2 7
-7 9 3 1 5 6 8 7 9 2 4
-79 4 4 3 1 2
75 1 1
-80 9 2 6 3 5 4 7 8 1 9
8
0 8 5 3 4 1 6 8 2 7
-20 3 3 2 1
41 2 1 2
69 3 2 3 1
90 8 3 8 5 2 6 7 1 4
14 4 1 2 4 3
-19 4 4 1 2 3
-65 5 3 1 5 4 2
10
0 5 4 2 5 3 1
-88 4 3 1 2 4
-9 8 6 8 3 1 5 2 7 4
-84 9 6 5 7 3 2 4 1 8 9
82 3 2 1 3
78 8 1 4 3 7 5 2 8 6
25 1 1
-6 4 3 4 2 1
-71 9 7 2 5 8 3 1 9 6 4
-74 1 1
2
0 1 1
-3 2 2 1
9
0 9 7 1 9 2 6 3 5 4 8
-80 6 2 3 6 5 1 4
-98 6 5 3 1 6 4 2
52 7 3 6 5 7 1 4 2
12 1 1
22 9 1 9 3 8 2 6 7 5 4
-91 2 1 2
58 4 4 3 1 2
-97 5 5 4 2 1 3
2
0 2 1 2
-15 2 2 1
3
0 3 3 1 2
14 2 1 2
-57 1 1
7
0 5 4 3 5 1 2
-15 4 3 1 2 4
34 3 1 2 3
32 2 2 1
70 2 1 2
-65 1 1
94 2 2 1
10
0 2 2 1
-19 8 2 1 5 6 7 8 3 4
-8 9 3 9 6 5 2 1 7 8 4
66 9 7 1 9 6 5 4 3 8 2
43 10 1 4 8 6 2 3 7 10 9 5
79 4 2 1 4 3
67 6 3 5 6 4 1 2
8 9 6 2 3 4 9 1 8 7 5
-13 2 1 2
78 7 3 2 6 5 1 4 7
9
0 8 7 1 5 2 4 3 8 6
-81 1 1
-81 9 3 2 7 4 5 8 1 6 9
-32 1 1
18 5 2 3 4 1 5
-70 6 3 6 5 2 4 1
-92 2 1 2
67 8 5 4 6 8 7 1 2 3
-51 9 6 8 1 2 5 9 4 3 7
2
0 1 1
-49 1 1
8
0 4 2 1 4 3
-54 6 6 2 3 5 1 4
57 7 1 6 2 3 7 5 4
52 8 6 5 1 8 4 7 3 2
32 1 1
-99 5 3 5 1 4 2
54 7 5 1 3 2 6 7 4
-10 4 2 1 4 3
10
0 8 3 1 5 8 7 4 6 2
29 7 7 1 3 4 6 5 2
-32 7 4 6 1 2 5 3 7
25 1 1
43 1 1
-25 10 3 7 6 5 4 9 10 8 1 2
-24 10 8 3 5 1 6 9 10 4 7 2
-69 5 5 3 1 2 4
-91 5 5 2 3 1 4
51 10 10 6 2 4 8 1 7 3 9 5
5
0 5 2 3 5 4 1
-43 2 1 2
11 5 3 4 1 2 5
-52 1 1
-23 3 2 1 3
5
0 4 1 3 2 4
-45 3 1 3 2
68 3 3 1 2
-3 4 2 1 4 3
-20 5 2 1 5 4 3
6
0 1 1
-33 6 6 1 4 3 5 2
10 4 1 4 3 2
-84 2 2 1
84 6 5 2 1 4 3 6
90 3 3 2 1
8
0 7 1 5 2 6 4 3 7
-30 3 2 1 3
-52 3 1 2 3
60 4 3 1 2 4
86 3 1 3 2
44 1 1
33 1 1
30 7 6 2 3 1 4 5 7
4
0 2 1 2
-40 4 3 4 1 2
-10 1 1
97 3 1 2 3
4
0 1 1
-33 2 1 2
66 3 2 1 3
30 4 3 2 1 4
6
0 4 1 4 2 3
44 6 5 6 1 2 3 4
-42 3 2 3 1
44 6 5 3 1 6 2 4
-83 3 2 1 3
-7 2 1 2
10
0 8 1 2 7 8 5 4 3 6
-70 10 3 10 7 1 4 6 8 2 5 9
-73 3 3 1 2
-85 3 2 1 3
62 7 3 5 6 2 7 4 1
29 6 2 4 5 3 6 1
-71 9 5 8 9 6 4 2 3 1 7
-50 10 1 6 7 2 10 9 3 8 5 4
-10 7 1 2 7 6 5 4 3
92 5 2 5 4 3 1
5
0 1 1
7 2 1 2
9 4 4 3 2 1
-40 2 1 2
-12 5 4 1 3 2 5
9
0 9 7 9 1 5 4 8 6 2 3
-40 1 1
21 5 4 2 3 1 5
-74 9 6 5 3 1 4 7 9 8 2
-17 7 5 2 3 4 7 1 6
46 8 1 3 7 6 2 4 8 5
24 7 7 4 6 3 1 2 5
82 8 2 6 3 8 5 1 4 7
-80 5 5 1 4 3 2
5
0 4 2 1 3 4
-76 1 1
-33 5 2 3 5 4 1
-38 4 1 3 2 4
-69 2 1 2
9
0 5 3 5 4 1 2
-31 5 1 4 5 3 2
-16 9 9 8 7 4 3 6 5 1 2
1 4 2 3 4 1
-90 2 1 2
46 9 9 5 2 3 4 6 1 7 8
-100 9 7 9 6 3 1 4 2 8 5
-37 9 3 6 9 1 4 8 2 7 5
91 1 1
6
0 1 1
-88 1 1
-88 3 3 1 2
73 6 1 2 5 4 3 6
-100 1 1
-21 6 5 2 4 6 1 3
2
0 2 2 1
-25 2 1 2
9
0 7 7 5 3 6 1 4 2
-87 4 3 1 2 4
34 7 1 3 6 7 5 4 2
7 3 2 1 3
-2 3 3 2 1
8 2 2 1
40 9 6 9 8 1 3 2 4 5 7
-66 4 1 4 3 2
24 6 2 1 6 5 4 3
7
0 2 2 1
-25 5 4 3 5 2 1
79 7 1 7 4 3 6 5 2
-52 1 1
73 3 3 2 1
61 2 2 1
-48 6 2 6 5 1 3 4
6
0 1 1
84 5 3 5 1 4 2
21 3 3 2 1
-15 6 6 4 5 1 3 2
-88 5 2 4 1 5 3
-12 5 1 5 2 4 3
8
0 2 1 2
-65 2 1 2
-75 2 2 1
-36 2 2 1
-94 4 2 4 1 3
35 8 8 5 7 2 4 6 1 3
98 6 6 5 3 2 1 4
48 3 2 1 3
7
0 2 2 1
40 2 2 1
-51 7 3 6 2 1 7 5 4
13 6 5 3 1 4 2 6
88 3 3 1 2
-62 6 6 2 5 4 1 3
-46 1 1
2
0 1 1
92 2 2 1
9
0 5 1 2 5 3 4
-37 3 1 2 3
-61 4 1 2 4 3
62 7 1 7 4 3 6 2 5
-82 5 1 3 2 5 4
-81 3 2 3 1
-81 4 3 1 4 2
-31 2 2 1
89 7 2 6 3 7 1 5 4
3
0 3 1 3 2
5 2 1 2
-2 2 2 1
2
0 2 2 1
88 1 1
4
0 4 4 1 2 3
-56 2 1 2
-38 3 2 1 3
-79 4 2 3 1 4
6
0 2 2 1
-74 5 5 3 2 1 4
35 4 2 3 1 4
86 5 2 5 1 3 4
69 3 2 3 1
-74 5 5 2 1 4 3
4
0 1 1
-40 3 2 3 1
19 4 2 3 1 4
-1 2 1 2
9
0 8 2 3 6 1 7 8 4 5
27 7 2 7 3 5 6 4 1
-18 7 4 1 3 6 2 5 7
8 1 1
65 9 2 5 4 9 6 7 3 1 8
-16 6 6 2 4 5 1 3
59 3 3 1 2
-58 7 1 2 4 7 6 3 5
31 2 2 1
8
0 2 2 1
-76 7 4 1 3 5 6 2 7
-13 2 1 2
0 3 2 3 1
-38 5 2 5 1 3 4
-72 7 4 1 3 6 5 2 7
-63 2 1 2
-28 2 2 1
7
0 6 5 3 6 2 1 4
-74 3 1 2 3
-99 6 3 2 4 6 5 1
66 2 1 2
46 5 1 3 4 2 5
84 4 3 4 2 1
-31 7 4 3 7 5 6 1 2
5
0 4 3 2 4 1
-43 1 1
56 1 1
-26 4 4 1 3 2
4 4 4 2 3 1
5
0 5 4 1 2 5 3
-42 2 2 1
-7 2 1 2
29 3 3 1 2
49 3 3 2 1
3
0 2 1 2
-52 2 1 2
-49 3 2 3 1
3
0 1 1
44 3 2 3 1
51 1 1
8
0 2 2 1
97 4 4 2 1 3
-72 5 1 5 4 3 2
61 8 5 1 6 2 8 3 4 7
31 6 6 4 1 5 2 3
27 1 1
-7 5 5 2 4 1 3
-92 4 3 4 2 1
5
0 3 1 3 2
-85 4 1 3 4 2
12 3 1 3 2
-8 1 1
-79 4 3 1 2 4
10
0 7 3 1 7 5 2 6 4
-20 4 2 1 3 4
-85 10 7 9 1 6 8 4 3 10 2 5
92 2 2 1
39 5 4 3 2 5 1
-70 10 6 2 5 10 3 8 4 7 9 1
-40 7 1 2 7 4 6 3 5
85 7 2 1 7 5 4 3 6
73 3 2 3 1
-67 8 4 8 3 7 6 2 1 5
2
0 1 1
-76 1 1
4
0 1 1
-95 3 2 3 1
82 3 1 3 2
-20 2 1 2
8
0 7 2 3 1 7 6 5 4
50 6 5 4 1 2 6 3
70 7 2 5 1 3 6 4 7
73 1 1
68 3 3 1 2
-42 5 1 3 2 5 4
-68 3 1 2 3
73 2 2 1
9
0 5 4 1 3 5 2
71 8 1 4 8 7 2 6 3 5
10 9 2 6 7 5 1 3 9 4 8
-19 8 5 1 2 4 7 8 6 3
-6 7 1 2 3 7 6 5 4
72 9 9 5 3 4 6 2 8 1 7
51 4 3 1 4 2
79 4 1 4 3 2
-92 4 1 3 4 2
9
0 6 3 4 1 6 2 5
-53 2 1 2
-29 3 2 3 1
-57 1 1
-16 6 6 5 3 1 2 4
-54 9 6 5 8 3 4 2 7 1 9
-4 3 3 2 1
96 2 2 1
99 4 4 2 3 1
3
0 1 1
-42 1 1
29 3 1 3 2
7
0 4 3 2 4 1
54 4 1 2 3 4
-53 1 1
-63 5 2 4 3 5 1
-50 7 4 7 6 3 2 1 5
-36 1 1
-41 4 3 1 2 4
6
0 3 3 2 1
-91 3 2 3 1
-52 6 2 5 4 3 6 1
50 4 1 2 3 4
-31 4 1 4 3 2
78 1 1
5
0 4 2 1 4 3
-21 1 1
-92 1 1
79 3 2 1 3
-91 3 2 1 3
7
0 1 1
82 2 2 1
-63 1 1
10 3 3 2 1
-88 7 2 3 5 4 6 7 1
11 5 2 3 4 1 5
-85 3 2 3 1
8
0 7 1 6 7 3 2 5 4
-66 6 6 2 4 5 3 1
-25 1 1
-29 4 4 2 1 3
-64 7 5 2 3 4 6 7 1
-51 8 6 7 3 2 1 8 4 5
21 1 1
96 1 1
8
0 4 3 4 1 2
-6 7 2 5 1 7 3 6 4
78 3 1 2 3
-100 1 1
79 5 4 3 2 5 1
-7 5 5 3 1 2 4
18 4 3 1 2 4
45 8 3 6 8 5 2 1 4 7
3
0 1 1
-1 2 2 1
-25 3 1 3 2
9
0 4 2 1 3 4
70 8 5 8 7 2 3 6 4 1
44 6 1 4 3 5 2 6
-83 8 6 8 3 2 4 5 1 7
90 8 2 1 5 8 3 7 4 6
-16 5 2 5 3 1 4
-18 7 5 4 6 1 2 7 3
0 9 6 5 3 4 2 9 1 8 7
26 5 4 5 1 3 2
4
0 2 2 1
-7 3 1 3 2
41 3 2 3 1
68 4 2 4 1 3
5
0 4 3 4 2 1
23 3 2 1 3
71 3 2 3 1
-74 2 1 2
18 4 2 4 3 1
5
0 2 2 1
65 2 2 1
-93 2 2 1
4 3 3 1 2
45 5 4 3 5 2 1
6
0 1 1
53 1 1
29 1 1
-76 4 4 1 3 2
62 6 3 2 1 4 5 6
-97 1 1
9
0 9 4 7 8 5 3 2 6 9 1
-58 5 2 1 5 4 3
-30 8 3 2 4 8 5 7 1 6
-37 1 1
-91 3 3 2 1
-83 2 2 1
-16 7 1 4 3 6 2 7 5
-3 3 2 3 1
46 7 6 3 7 1 2 5 4
7
0 5 1 3 4 2 5
-23 6 4 5 1 6 3 2
64 1 1
20 7 2 4 3 5 7 6 1
-92 2 1 2
-34 1 1
74 2 2 1
9
0 5 1 2 4 3 5
-21 2 1 2
-84 9 4 1 9 8 2 3 7 5 6
99 4 2 4 1 3
-86 3 2 1 3
-30 7 6 5 2 1 4 7 3
-20 2 1 2
-38 6 6 1 2 3 4 5
19 6 5 3 1 2 6 4
9
0 7 6 2 1 3 5 4 7
-17 7 3 2 6 1 4 5 7
-64 2 2 1
44 4 1 4 3 2
-56 7 4 6 5 2 1 7 3
-86 6 4 6 2 3 1 5
8 5 5 1 3 4 2
-61 4 3 4 2 1
15 5 5 2 4 3 1
4
0 2 1 2
-33 4 1 4 2 3
-28 1 1
-60 4 1 2 3 4
5
0 4 3 1 4 2
63 3 3 2 1
-3 1 1
56 3 1 2 3
-62 2 1 2
4
0 2 2 1
-86 2 2 1
57 1 1
-73 1 1
4
0 2 2 1
-22 2 1 2
16 3 2 3 1
20 4 3 1 4 2
2
0 1 1
-51 2 2 1
3
0 2 2 1
13 1 1
94 3 3 1 2
6
0 4 4 3 2 1
57 6 5 3 4 2 6 1
28 2 1 2
90 1 1
19 4 2 3 1 4
18 5 2 3 1 5 4
9
0 3 2 1 3
0 6 4 3 6 5 2 1
45 1 1
-70 1 1
75 4 2 1 3 4
53 4 1 3 2 4
-3 3 2 1 3
-34 5 5 2 4 1 3
-4 1 1
7
0 5 4 3 2 1 5
44 5 5 2 4 3 1
-72 5 5 2 4 3 1
-59 5 4 3 1 2 5
-52 6 1 3 5 2 6 4
34 7 4 7 5 3 2 6 1
53 2 1 2
4
0 4 2 3 1 4
26 1 1
-63 4 2 1 4 3
84 1 1
2
0 1 1
-51 1 1
3
0 1 1
8 2 2 1
8 2 2 1
5
0 5 1 5 2 3 4
38 5 2 4 3 1 5
-23 3 3 1 2
48 3 1 3 2
-53 2 2 1
8
0 1 1
42 6 5 3 2 4 1 6
-5 1 1
-52 1 1
25 3 1 3 2
3 6 2 1 6 5 3 4
-49 3 2 1 3
-80 2 2 1
9
0 6 5 6 4 1 2 3
-39 8 1 2 5 7 6 8 3 4
-81 7 4 5 1 6 3 7 2
25 2 1 2
99 2 2 1
63 9 3 7 8 1 9 5 2 6 4
45 5 1 4 3 2 5
8 6 4 2 6 1 5 3
98 5 5 1 4 3 2
2
0 1 1
-80 2 1 2
4
0 2 1 2
46 1 1
94 4 1 2 4 3
42 3 2 3 1
10
0 9 1 6 7 2 9 8 3 5 4
59 10 7 5 4 1 9 6 8 3 10 2
-15 2 2 1
-88 8 8 2 7 3 1 4 5 6
83 4 4 2 3 1
-49 10 7 3 4 8 2 10 6 1 9 5
20 1 1
-16 10 8 4 7 5 10 2 1 9 3 6
-44 1 1
-53 9 8 3 4 2 9 1 7 6 5
3
0 1 1
-82 2 2 1
-18 2 2 1
2
0 1 1
38 1 1
6
0 3 2 3 1
42 3 3 2 1
9 3 1 2 3
73 5 4 1 3 2 5
11 3 3 2 1
-32 3 3 2 1
8
0 4 3 2 4 1
33 1 1
-58 3 2 1 3
-34 4 3 2 1 4
-79 5 5 2 4 1 3
-7 5 1 5 3 4 2
-9 1 1
-76 1 1
7
0 7 3 2 1 7 4 6 5
69 7 2 4 6 3 1 5 7
53 5 4 2 3 1 5
7 6 6 3 5 4 1 2
-15 1 1
42 1 1
77 3 1 2 3
2
0 1 1
-47 1 1
8
0 2 1 2
-7 5 4 3 1 2 5
4 3 3 2 1
60 4 4 2 3 1
87 6 4 3 1 6 5 2
97 2 2 1
7 5 4 2 1 5 3
-93 3 3 1 2
9
0 6 2 5 6 1 3 4
9 3 3 1 2
-98 3 1 2 3
84 2 2 1
-18 8 8 2 3 7 6 1 4 5
41 3 3 1 2
28 4 2 1 3 4
34 1 1
94 7 7 6 5 4 3 1 2
6
0 2 1 2
-31 1 1
-10 1 1
26 3 1 3 2
-1 3 1 2 3
-12 6 3 1 5 4 2 6
7
0 4 4 3 1 2
-62 5 4 2 3 5 1
91 2 2 1
-33 4 2 3 4 1
55 2 1 2
45 5 3 5 2 1 4
-54 4 1 4 3 2
9
0 9 1 3 8 4 9 6 7 5 2
-52 3 1 2 3
63 4 2 1 4 3
-77 2 2 1
27 4 3 2 1 4
-86 4 1 3 4 2
-2 9 7 5 4 9 8 2 3 1 6
52 3 2 3 1
20 8 5 2 1 3 4 8 7 6
4
0 2 1 2
46 4 1 3 2 4
4 2 2 1
-92 2 1 2
9
0 5 4 5 2 1 3
92 2 2 1
-43 4 2 4 3 1
17 5 3 2 1 5 4
-92 6 6 5 1 4 3 2
69 8 1 5 6 7 8 3 2 4
87 8 1 3 2 5 4 7 8 6
-7 9 9 5 1 8 2 6 7 4 3
-50 4 3 2 4 1
10
0 9 5 3 2 4 9 8 1 7 6
5 1 1
98 7 1 4 7 2 3 6 5
92 6 2 4 5 6 1 3
-29 3 1 2 3
-72 6 5 2 4 1 6 3
-11 10 2 7 4 10 6 1 8 5 3 9
-63 10 9 6 5 7 4 2 8 3 1 10
-32 3 3 1 2
-37 2 1 2
7
0 4 3 2 1 4
44 7 1 7 5 2 4 3 6
8 4 4 2 1 3
24 3 1 2 3
95 1 1
87 1 1
-94 2 1 2
6
0 4 1 4 2 3
19 5 2 3 4 1 5
16 1 1
92 3 1 2 3
51 1 1
-9 4 4 3 2 1
10
0 5 5 4 1 2 3
95 7 3 7 1 2 5 6 4
89 9 6 4 8 3 7 2 5 1 9
75 10 10 9 3 1 2 8 5 6 4 7
40 3 3 2 1
94 10 10 1 9 3 6 7 4 2 8 5
27 8 2 6 8 7 5 1 3 4
-86 1 1
56 5 4 2 1 3 5
-71 10 1 5 7 6 2 9 3 8 4 10
4
0 4 2 3 4 1
-91 1 1
-77 3 1 2 3
62 3 3 1 2
10
0 3 1 2 3
28 6 4 3 1 6 2 5
-43 4 4 2 1 3
-5 2 1 2
-26 5 1 3 2 4 5
7 6 2 5 6 3 1 4
-63 5 5 1 2 3 4
-27 1 1
53 9 6 9 7 3 1 4 5 8 2
-10 6 6 5 3 4 2 1
7
0 3 1 3 2
-92 4 3 4 2 1
99 4 2 1 4 3
17 3 1 3 2
88 2 1 2
-96 6 4 5 3 2 1 6
20 1 1
3
0 3 2 3 1
74 3 1 3 2
-33 3 3 2 1
5
0 2 2 1
96 4 2 3 4 1
-41 4 4 3 2 1
46 1 1
-68 1 1
2
0 2 1 2
-57 1 1
6
0 5 2 4 5 3 1
-8 1 1
84 4 4 1 3 2
58 6 6 4 2 1 5 3
-87 5 4 1 5 3 2
17 1 1
6
0 5 2 4 3 1 5
-100 2 1 2
-69 4 2 4 1 3
-15 4 1 2 3 4
-6 2 2 1
-91 6 6 1 4 3 5 2
2
0 2 1 2
-58 2 2 1
6
0 6 5 6 1 3 4 2
-45 5 3 2 4 5 1
66 4 4 3 2 1
34 6 3 1 5 6 2 4
35 5 1 5 2 4 3
71 4 1 4 2 3
10
0 1 1
-36 7 3 5 2 6 7 1 4
-75 3 3 2 1
-87 9 6 1 5 9 4 2 3 7 8
-13 7 1 5 4 3 6 7 2
47 8 6 3 5 4 8 2 1 7
-89 8 4 1 6 7 3 5 8 2
21 6 2 6 1 5 4 3
19 7 7 2 3 5 1 6 4
26 10 7 4 5 9 3 10 6 1 2 8
5
0 3 2 3 1
-1 3 2 3 1
-94 4 2 3 1 4
32 2 2 1
84 1 1
6
0 2 2 1
14 5 2 3 5 1 4
-3 4 2 3 1 4
58 1 1
-82 4 4 2 3 1
50 3 2 1 3
10
0 5 4 5 1 2 3
-46 2 1 2
-51 2 2 1
-59 4 1 2 3 4
-76 3 3 2 1
97 8 2 1 5 7 3 8 6 4
-29 9 3 6 9 5 2 1 8 4 7
-13 2 2 1
73 4 1 2 3 4
70 6 1 2 5 6 4 3
7
0 5 5 4 2 1 3
-8 4 4 2 1 3
-95 6 2 3 5 6 4 1
-24 3 2 3 1
-65 5 3 2 5 4 1
45 3 2 1 3
58 4 4 1 2 3
2
0 1 1
64 1 1
2
0 2 2 1
6 2 1 2
5
0 2 2 1
-6 2 1 2
78 1 1
36 1 1
65 3 3 1 2
2
0 1 1
-23 2 1 2
8
0 8 8 5 1 2 4 3 6 7
-78 4 2 1 4 3
-59 7 6 4 2 7 3 5 1
77 1 1
-53 7 4 5 1 2 6 7 3
-58 1 1
26 4 3 4 1 2
22 5 1 4 3 5 2
3
0 1 1
65 3 1 2 3
61 2 1 2
9
0 1 1
87 7 2 5 1 3 4 6 7
84 8 1 4 7 6 2 5 8 3
69 8 3 5 4 1 6 7 8 2
-24 2 2 1
52 3 3 2 1
27 2 2 1
-10 4 2 1 3 4
23 2 1 2
7
0 4 1 2 4 3
50 1 1
95 2 1 2
-40 4 3 4 1 2
68 2 1 2
-38 1 1
-60 3 2 3 1
4
0 4 4 2 1 3
-30 2 2 1
-61 2 1 2
66 4 4 1 2 3
6
0 1 1
91 4 4 3 2 1
-27 2 1 2
-63 3 1 2 3
-23 1 1
16 2 2 1
8
0 7 2 1 6 5 4 3 7
-79 5 2 4 1 3 5
26 7 4 1 3 6 2 5 7
-82 2 1 2
-6 2 1 2
28 8 6 4 3 8 1 7 5 2
74 2 1 2
3 5 4 3 5 1 2
8
0 8 5 8 4 1 3 6 2 7
-45 5 1 3 5 2 4
43 8 8 7 2 3 4 6 1 5
-35 1 1
-65 4 4 1 2 3
-81 2 2 1
3 1 1
4 3 3 1 2
8
0 8 5 3 2 7 4 1 6 8
-73 7 2 7 6 1 3 5 4
-92 3 2 1 3
5 5 4 1 5 2 3
86 2 2 1
4 8 7 4 6 1 2 5 3 8
96 5 3 2 1 5 4
47 4 3 2 4 1
2
0 1 1
-93 1 1
2
0 1 1
35 1 1
7
0 3 3 1 2
75 4 4 3 1 2
86 6 4 1 3 2 6 5
90 1 1
97 7 5 1 2 7 3 6 4
-61 3 2 3 1
-90 1 1
8
0 4 1 4 3 2
-82 3 2 1 3
-28 8 7 3 8 2 5 4 1 6
-46 1 1
85 1 1
-8 3 3 1 2
96 2 2 1
-92 7 7 3 4 2 1 5 6
6
0 4 1 2 4 3
-65 6 4 2 6 1 3 5
54 4 3 4 2 1
62 5 3 1 4 5 2
9 5 1 2 3 5 4
-86 5 2 5 1 3 4
8
0 2 2 1
-77 7 4 1 6 3 7 5 2
-20 1 1
44 3 1 2 3
22 2 2 1
-6 1 1
43 3 2 1 3
47 5 4 1 5 2 3
3
0 1 1
67 2 1 2
-40 3 2 1 3
6
0 5 2 3 5 1 4
-65 6 2 6 5 1 4 3
62 3 1 3 2
-29 2 2 1
-51 4 1 4 2 3
15 1 1
2
0 1 1
-36 1 1
5
0 2 1 2
-31 3 1 3 2
50 3 1 3 2
-59 1 1
54 3 2 1 3
4
0 4 1 2 4 3
-13 2 1 2
-32 4 3 2 4 1
-93 3 3 1 2
8
0 2 1 2
19 3 2 3 1
-10 8 5 7 4 8 1 6 3 2
7 2 2 1
96 7 5 2 7 4 3 6 1
63 4 3 4 1 2
87 1 1
12 3 1 3 2
7
0 3 2 3 1
-2 5 5 3 1 4 2
69 2 1 2
-57 5 2 5 1 4 3
-83 3 1 3 2
-89 4 2 4 3 1
99 5 2 1 4 3 5
3
0 3 1 3 2
29 2 1 2
-41 1 1
8
0 2 1 2
46 8 5 4 2 3 8 1 6 7
-88 8 3 6 5 2 8 4 1 7
89 7 1 5 3 7 2 6 4
-77 8 1 7 8 5 2 3 6 4
-44 6 2 4 5 6 1 3
-85 7 4 3 5 6 1 2 7
-69 7 4 2 7 6 3 5 1
2
0 2 1 2
21 2 2 1
9
0 4 3 1 2 4
51 5 4 5 2 3 1
-85 5 2 3 1 4 5
-97 9 6 8 9 1 3 2 7 4 5
57 5 5 3 1 4 2
84 8 4 1 5 2 7 6 8 3
-86 7 1 7 6 2 3 4 5
8 2 2 1
-95 9 4 6 7 8 5 1 2 3 9
2
0 1 1
89 2 1 2
4
0 3 1 3 2
43 2 2 1
91 1 1
-94 2 1 2
7
0 7 3 1 2 7 5 4 6
-94 6 3 6 1 5 2 4
-85 3 3 2 1
-24 4 1 2 4 3
33 5 2 5 4 3 1
44 7 5 6 4 7 3 2 1
-90 3 2 1 3
4
0 4 3 2 4 1
-46 3 1 3 2
-33 2 2 1
39 1 1
8
0 7 4 7 2 3 1 6 5
-75 6 3 1 2 6 5 4
-68 7 5 7 3 4 1 6 2
-69 5 5 4 3 1 2
24 3 1 2 3
82 2 2 1
70 1 1
83 6 2 3 6 4 1 5
8
0 1 1
-93 7 5 7 2 6 4 3 1
26 4 2 1 3 4
-81 2 1 2
21 6 6 2 4 1 5 3
-20 3 3 2 1
-11 6 4 6 1 5 3 2
1 1 1
4
0 3 1 2 3
-76 4 3 4 2 1
13 4 1 3 4 2
-72 3 2 3 1
5
0 2 1 2
-75 5 5 3 1 2 4
98 4 3 1 2 4
81 1 1
-6 1 1
8
0 2 2 1
46 6 5 6 1 2 3 4
-22 4 3 4 1 2
55 7 4 6 3 1 7 2 5
-43 7 7 2 4 1 6 3 5
35 3 3 1 2
6 5 4 3 2 5 1
31 6 5 4 6 3 1 2
6
0 4 3 1 4 2
-83 2 2 1
73 4 4 3 1 2
-70 2 1 2
-3 5 3 5 4 1 2
-57 5 2 1 4 3 5
3
0 2 1 2
-65 2 2 1
-45 2 1 2
8
0 7 1 2 7 6 3 5 4
-68 3 3 1 2
-79 3 2 3 1
-22 2 1 2
-43 5 2 3 4 5 1
30 7 7 5 6 4 1 2 3
-10 1 1
4 7 3 1 4 5 2 6 7
5
0 2 2 1
15 1 1
-10 5 3 2 1 4 5
-22 2 2 1
-74 3 3 1 2
6
0 1 1
33 2 2 1
65 2 2 1
62 1 1
-51 5 1 4 3 5 2
-26 6 1 6 2 5 4 3
5
0 1 1
-7 1 1
-56 2 1 2
43 1 1
-43 2 2 1
7
0 1 1
-14 3 3 1 2
-15 4 2 4 1 3
11 6 5 1 2 3 6 4
-20 7 2 6 5 1 7 3 4
-7 4 3 2 4 1
-8 7 2 7 3 5 6 4 1
7
0 6 3 1 2 5 6 4
-19 7 1 4 2 3 7 5 6
31 1 1
-78 5 5 1 4 3 2
6 6 3 2 4 1 6 5
68 4 3 2 1 4
30 6 3 4 5 6 1 2
6
0 4 4 3 2 1
64 2 2 1
42 3 3 2 1
-61 2 2 1
-33 2 2 1
45 6 6 3 5 1 4 2
8
0 6 1 6 4 2 3 5
-80 8 5 7 3 8 6 2 4 1
-92 1 1
-86 1 1
9 2 2 1
-61 8 8 1 2 7 5 6 4 3
91 5 5 1 4 3 2
-100 8 8 6 5 7 4 2 1 3
9
0 8 8 3 5 4 6 7 1 2
-68 8 8 2 6 5 3 1 7 4
6 2 1 2
-3 3 1 3 2
94 3 1 2 3
93 9 3 2 1 9 7 8 4 5 6
-37 2 2 1
81 9 5 6 8 2 7 9 1 4 3
-46 9 6 1 5 4 9 8 3 2 7
9
0 3 2 3 1
-4 4 1 2 3 4
-94 2 2 1
-38 1 1
-85 4 3 4 2 1
-83 4 1 3 4 2
13 3 1 3 2
-77 6 3 4 1 2 6 5
-8 2 2 1
6
0 4 1 2 4 3
-46 2 2 1
-74 2 2 1
77 6 1 4 6 2 3 5
50 2 1 2
65 4 2 4 3 1
6
0 1 1
-15 6 2 3 5 6 1 4
98 2 2 1
14 4 2 3 1 4
-29 3 1 3 2
-40 6 6 3 1 5 4 2
10
0 9 6 2 4 5 1 8 7 3 9
-31 6 3 5 1 2 4 6
0 10 10 2 1 6 7 8 4 3 5 9
96 4 1 3 2 4
-96 2 1 2
-8 6 1 5 6 2 3 4
-19 10 9 1 10 3 2 8 7 4 5 6
-67 2 2 1
53 10 7 3 8 1 9 4 10 6 2 5
94 6 2 6 5 4 1 3
6
0 5 5 3 1 4 2
82 2 1 2
41 6 4 6 3 5 1 2
-66 2 2 1
15 2 1 2
0 1 1
8
0 4 3 2 1 4
95 3 2 3 1
36 7 5 7 3 1 4 2 6
-71 5 4 5 2 3 1
-81 5 3 1 4 5 2
87 3 2 1 3
81 1 1
18 7 7 2 1 3 6 5 4
7
0 1 1
88 4 1 2 3 4
84 3 2 3 1
-76 5 1 5 3 2 4
-21 1 1
-46 5 5 2 1 3 4
84 5 4 2 3 5 1
10
0 4 1 3 4 2
-68 7 7 5 3 2 4 6 1
54 1 1
23 5 5 4 3 1 2
-22 4 1 4 3 2
-84 9 2 1 8 7 3 6 4 9 5
-70 7 5 2 1 6 3 4 7
-64 3 1 2 3
-14 4 4 2 1 3
-34 10 10 4 6 7 8 3 9 5 2 1
10
0 5 4 2 1 5 3
-15 9 7 3 9 4 5 1 2 8 6
-54 9 1 4 2 7 6 8 9 5 3
-32 4 3 4 2 1
-16 10 1 6 3 8 9 7 5 2 10 4
-27 8 1 3 4 2 6 8 5 7
-43 5 1 3 4 2 5
-37 10 10 8 1 9 5 4 7 3 2 6
66 4 3 2 4 1
-91 1 1
7
0 2 1 2
-83 3 3 2 1
29 2 2 1
-11 2 1 2
49 3 3 2 1
62 7 3 2 6 4 7 1 5
-66 5 2 1 5 3 4
8
0 6 2 3 5 4 6 1
78 5 5 2 1 3 4
16 6 2 4 3 1 6 5
31 2 1 2
-94 8 1 2 4 8 7 3 5 6
55 2 2 1
-66 3 3 1 2
-20 1 1
7
0 1 1
-8 4 3 1 2 4
56 7 6 5 1 7 4 2 3
97 1 1
13 1 1
71 6 6 4 5 2 3 1
-44 5 3 4 1 5 2
5
0 3 3 1 2
-2 1 1
-75 5 3 2 4 1 5
-5 1 1
18 4 2 1 3 4
4
0 3 3 1 2
-63 1 1
-98 2 1 2
-26 3 2 3 1
4
0 3 1 3 2
-76 2 1 2
-53 4 4 3 1 2
-35 4 2 4 3 1
7
0 5 3 4 2 1 5
12 7 1 7 5 6 2 4 3
97 5 4 1 3 2 5
45 4 1 4 2 3
92 5 2 4 1 5 3
61 2 2 1
-74 4 3 2 4 1
10
0 3 3 1 2
-94 9 7 1 5 6 3 8 4 9 2
-43 4 1 3 4 2
-50 10 8 1 7 3 5 6 9 4 2 10
76 4 3 4 2 1
-82 4 2 4 3 1
54 10 8 7 6 3 9 4 10 5 1 2
-44 7 4 6 3 1 2 5 7
54 1 1
39 5 1 3 4 2 5
9
0 8 7 1 4 2 3 5 6 8
-58 7 7 4 6 1 3 2 5
-98 2 2 1
-20 8 6 8 2 1 7 5 4 3
-36 7 6 5 4 3 1 2 7
98 1 1
86 6 1 6 5 3 2 4
65 6 4 3 1 6 2 5
-95 9 9 6 5 8 3 4 7 1 2
4
0 1 1
87 3 1 2 3
-51 1 1
10 4 4 1 2 3
10
0 8 3 8 1 4 7 5 2 6
-4 10 6 3 8 7 1 2 4 5 10 9
42 2 1 2
-63 6 4 6 2 3 1 5
61 8 8 7 6 1 3 5 4 2
-18 5 1 4 5 2 3
-72 3 2 3 1
-98 6 1 4 6 5 3 2
-84 9 9 8 3 6 7 4 5 1 2
-15 8 6 2 4 8 1 5 3 7
7
0 7 3 4 7 6 1 5 2
10 7 4 6 5 1 2 3 7
97 6 2 3 5 4 1 6
46 1 1
14 3 2 1 3
41 1 1
94 6 3 1 2 6 5 4
6
0 5 5 4 2 3 1
-53 2 2 1
-63 3 1 3 2
33 4 3 4 1 2
-13 6 4 6 3 2 1 5
61 1 1
9
0 6 6 3 1 4 5 2
29 5 3 4 1 2 5
64 7 5 3 7 6 4 2 1
23 7 5 4 3 1 6 7 2
41 8 2 6 3 1 4 7 5 8
56 3 1 3 2
-28 6 5 4 1 6 2 3
47 3 3 2 1
71 1 1
9
0 6 6 2 5 4 3 1
-89 5 4 3 1 5 2
63 9 4 7 6 5 1 3 2 9 8
-99 6 6 1 5 4 3 2
88 7 3 5 2 1 4 6 7
-77 4 3 2 1 4
45 7 2 5 4 3 7 1 6
47 3 3 2 1
83 7 2 3 4 7 6 5 1
10
0 7 2 4 7 6 1 3 5
-29 8 5 3 6 7 2 8 1 4
-51 2 1 2
68 6 6 2 5 3 1 4
-28 7 1 4 3 5 2 6 7
53 3 3 1 2
-15 7 7 3 6 4 1 2 5
-43 6 6 4 1 2 5 3
49 8 2 4 8 3 5 6 7 1
72 4 4 1 2 3
3
0 3 3 1 2
92 1 1
95 2 2 1
7
0 4 1 3 2 4
-66 2 2 1
-44 6 5 4 1 6 2 3
44 2 1 2
9 6 4 3 6 5 2 1
-55 3 2 3 1
-66 6 4 3 2 5 6 1
4
0 3 1 3 2
-94 4 3 1 2 4
33 3 2 3 1
12 4 3 2 4 1
9
0 9 7 9 5 2 1 4 6 8 3
62 5 2 5 3 4 1
11 6 2 1 4 3 6 5
-65 6 1 5 6 2 4 3
67 9 6 1 3 8 2 9 4 7 5
-1 7 3 2 4 6 7 1 5
-55 8 8 5 7 6 4 1 2 3
-48 8 5 8 1 7 2 6 4 3
47 7 1 7 4 6 3 2 5
9
0 2 1 2
92 8 4 1 6 5 3 8 7 2
75 3 1 2 3
87 9 3 8 5 4 2 1 6 9 7
-38 7 6 4 5 2 3 7 1
-26 9 1 7 2 8 3 5 6 4 9
29 6 6 3 1 4 2 5
99 2 2 1
-44 1 1
2
0 1 1
77 1 1
5
0 5 3 1 4 2 5
72 5 3 2 4 5 1
77 3 1 2 3
39 5 2 1 5 3 4
-49 5 3 4 1 5 2
6
0 2 2 1
-86 1 1
31 3 1 3 2
-52 3 2 1 3
-27 2 1 2
97 2 1 2
2
0 2 2 1
84 1 1
5
0 5 5 1 2 4 3
-75 1 1
60 4 3 2 4 1
-94 4 1 3 4 2
30 2 1 2
2
0 2 1 2
-34 2 1 2
6
0 6 1 2 3 4 6 5
-18 1 1
1 2 2 1
53 6 6 4 5 1 3 2
72 3 3 2 1
16 2 2 1
4
0 1 1
-84 2 1 2
18 1 1
-81 2 2 1
7
0 7 3 4 1 5 2 6 7
-88 7 5 3 6 2 1 7 4
74 3 2 3 1
-83 5 2 5 4 3 1
89 1 1
63 4 2 1 4 3
-53 7 3 7 1 4 2 5 6
5
0 5 2 5 1 3 4
-55 5 5 1 2 4 3
-35 1 1
-54 4 1 2 4 3
-32 5 4 1 5 3 2
3
0 3 2 3 1
-51 2 2 1
-100 1 1
6
0 2 1 2
87 3 1 2 3
-77 2 2 1
84 1 1
79 6 1 3 5 4 2 6
19 6 1 4 5 6 2 3
9
0 5 4 1 5 2 3
-97 2 1 2
92 1 1
42 2 2 1
-13 2 1 2
-77 7 5 7 3 6 4 2 1
23 8 3 6 8 1 4 7 2 5
82 5 4 2 1 3 5
27 4 3 1 4 2
9
0 5 3 1 4 5 2
0 7 1 7 3 5 4 6 2
15 1 1
73 3 3 2 1
-83 1 1
92 1 1
90 6 2 1 5 3 4 6
63 7 4 6 7 5 1 3 2
-32 1 1
8
0 2 2 1
-49 7 3 1 6 7 2 4 5
-78 2 1 2
64 5 5 4 2 3 1
80 1 1
95 2 1 2
-87 7 1 4 6 2 7 5 3
62 8 8 7 2 3 4 5 1 6
9
0 7 3 5 7 4 2 1 6
-32 7 2 5 3 4 6 1 7
-26 7 7 6 2 1 4 5 3
84 4 1 4 2 3
-31 9 4 2 6 5 7 1 9 8 3
6 7 7 4 1 3 5 6 2
54 6 2 6 1 3 4 5
52 6 6 1 4 5 3 2
-42 7 4 5 7 1 2 6 3
2
0 2 1 2
82 2 2 1
2
0 2 2 1
19 1 1
3
0 1 1
-32 2 2 1
-42 1 1
10
0 7 5 2 3 1 7 6 4
27 2 1 2
-3 7 2 4 6 5 1 3 7
-28 4 2 3 4 1
22 8 2 1 7 8 5 4 3 6
0 10 5 4 10 3 7 9 8 1 2 6
5 3 2 3 1
99 9 9 8 3 6 5 2 7 1 4
72 1 1
-27 3 3 1 2
6
0 3 1 2 3
39 1 1
87 2 2 1
82 1 1
80 1 1
87 2 2 1
9
0 2 1 2
96 6 4 6 2 3 5 1
14 3 1 3 2
26 6 2 6 1 5 3 4
87 2 2 1
1 3 1 3 2
40 1 1
9 2 2 1
-69 3 3 2 1
3
0 2 1 2
-78 1 1
-19 1 1
3
0 3 3 1 2
-9 1 1
60 3 2 3 1
8
0 7 4 6 1 2 5 3 7
-4 1 1
-30 1 1
51 6 2 1 6 4 5 3
17 2 1 2
22 6 6 3 5 2 4 1
30 5 4 1 2 3 5
6 7 4 1 5 6 3 7 2
4
0 3 3 1 2
-40 4 1 3 4 2
16 1 1
92 2 1 2
7
0 6 4 5 1 6 2 3
48 6 3 6 4 1 5 2
2 7 5 2 4 1 3 6 7
-34 3 2 1 3
-24 3 2 3 1
71 4 3 1 2 4
-81 7 7 5 6 1 3 2 4
9
0 9 2 4 3 9 5 1 7 6 8
-6 7 3 2 5 6 4 1 7
71 7 4 3 6 1 2 5 7
-1 4 2 1 4 3
-76 9 8 2 4 6 5 1 9 3 7
16 7 7 2 3 4 1 6 5
69 9 6 1 5 7 4 3 2 8 9
97 1 1
-2 8 5 1 7 8 6 4 2 3
3
0 3 3 2 1
-98 2 1 2
82 3 3 1 2
10
0 5 4 5 2 1 3
89 10 5 10 9 2 8 4 3 7 6 1
-4 1 1
-50 6 6 2 5 1 4 3
-10 9 1 7 3 9 5 4 8 6 2
-80 8 7 2 1 5 8 3 4 6
-65 7 4 3 1 6 7 5 2
87 5 5 1 2 3 4
75 3 1 3 2
38 7 1 7 3 6 5 4 2
8
0 6 5 2 4 1 6 3
33 6 5 6 2 4 1 3
-51 4 4 1 2 3
4 4 4 2 1 3
46 1 1
59 4 4 3 2 1
83 8 3 5 6 7 2 1 8 4
-56 7 2 3 1 4 6 7 5
7
0 5 1 2 3 5 4
-21 2 2 1
62 5 4 5 3 2 1
45 1 1
27 6 3 1 5 6 4 2
-76 2 1 2
68 4 4 3 1 2
8
0 8 7 5 6 8 1 3 2 4
85 1 1
-36 2 2 1
10 4 4 1 2 3
35 5 2 1 3 4 5
-67 5 3 5 1 2 4
-10 4 2 4 3 1
-40 5 3 5 2 1 4
9
0 2 2 1
68 3 1 2 3
-94 6 4 6 3 1 2 5
21 4 4 3 2 1
83 8 3 6 7 1 4 8 2 5
98 4 1 4 3 2
-67 3 2 3 1
-67 7 2 3 6 7 4 5 1
39 6 4 3 5 6 1 2
7
0 4 2 4 3 1
-54 5 1 4 2 3 5
-89 3 2 3 1
33 4 2 1 4 3
-83 1 1
-28 7 2 5 7 3 1 6 4
32 5 1 4 3 2 5
7
0 4 2 1 4 3
-8 7 2 7 1 5 6 4 3
41 1 1
92 6 2 5 4 1 6 3
-9 5 3 5 1 2 4
53 3 2 1 3
-78 1 1
4
0 1 1
-89 3 1 3 2
-80 4 4 1 2 3
0 1 1
6
0 3 2 3 1
-37 2 2 1
-9 2 2 1
28 5 4 5 2 3 1
-66 6 3 4 2 6 5 1
4 5 5 3 4 1 2
10
0 1 1
-85 3 1 2 3
81 9 6 5 9 7 2 4 3 8 1
-46 6 4 6 3 1 5 2
23 5 1 4 5 2 3
-81 8 3 1 2 6 5 8 7 4
57 9 1 4 6 5 7 8 9 3 2
30 3 1 2 3
-48 8 6 7 8 4 5 3 1 2
-52 1 1
2
0 2 2 1
1 2 2 1
2
0 2 1 2
-26 1 1
10
0 3 2 1 3
30 10 10 2 8 7 6 1 4 9 5 3
33 5 3 5 1 2 4
-6 6 5 1 4 6 2 3
-56 3 3 1 2
-28 1 1
57 3 1 2 3
65 4 4 3 1 2
-15 5 1 4 5 3 2
79 9 7 5 2 1 6 3 4 8 9
3
0 2 1 2
-62 1 1
55 2 2 1
7
0 2 2 1
51 5 1 3 5 4 2
-39 6 2 1 5 4 6 3
-32 5 2 3 5 1 4
-94 3 2 3 1
89 3 3 1 2
-75 2 2 1
4
0 1 1
17 1 1
27 3 3 2 1
80 4 1 2 3 4
3
0 1 1
-93 2 2 1
51 1 1
7
0 5 5 1 3 4 2
-65 1 1
14 1 1
-96 6 3 1 2 6 4 5
12 7 7 4 2 5 3 1 6
-20 7 2 4 1 6 5 7 3
18 7 4 1 3 2 7 5 6
10
0 4 3 4 2 1
-38 9 6 1 4 9 3 2 7 5 8
-90 10 1 2 8 10 5 4 6 3 9 7
-35 2 2 1
-89 8 6 1 3 2 7 5 8 4
58 9 1 8 3 9 4 2 7 5 6
54 2 1 2
-60 8 2 5 6 1 7 8 4 3
4 4 3 2 1 4
-4 10 9 6 3 10 1 5 8 4 2 7
8
0 3 3 1 2
71 1 1
-46 8 5 4 7 6 2 1 3 8
-57 5 3 2 4 5 1
60 8 1 3 7 8 6 2 4 5
20 3 1 2 3
76 2 1 2
-35 8 4 7 6 1 5 3 8 2
8
0 3 1 3 2
-4 3 2 3 1
-16 5 2 3 1 5 4
-93 1 1
10 8 4 2 5 6 8 3 7 1
40 8 7 5 4 2 8 1 3 6
69 7 1 7 4 2 6 5 3
96 8 1 3 8 5 7 2 4 6
9
0 8 8 5 3 1 7 4 2 6
-83 5 3 4 1 2 5
-16 8 8 4 2 6 1 7 5 3
-38 8 7 4 6 8 5 2 3 1
14 7 6 4 2 5 7 1 3
-74 5 4 3 1 2 5
-46 5 1 3 4 5 2
13 8 5 4 2 1 6 3 8 7
32 8 7 2 6 1 3 8 5 4
10
0 4 4 2 1 3
-36 3 3 2 1
-84 7 1 5 6 3 2 4 7
65 3 2 3 1
-86 4 1 3 4 2
26 7 7 5 6 2 1 4 3
-40 7 2 6 1 5 7 4 3
22 4 1 3 4 2
-48 10 2 1 4 3 8 7 9 10 6 5
-60 6 3 2 5 1 6 4
4
0 2 1 2
80 2 1 2
28 4 3 4 2 1
-74 2 2 1
8
0 3 3 2 1
-3 7 2 3 1 6 4 7 5
97 4 3 2 4 1
20 2 1 2
-1 1 1
-23 2 1 2
91 6 1 3 4 2 5 6
56 4 3 4 2 1
9
0 5 3 1 5 4 2
65 5 2 3 4 5 1
-55 1 1
88 2 1 2
92 5 4 3 2 1 5
29 7 6 1 3 7 5 2 4
43 6 2 4 3 6 1 5
87 7 4 3 6 5 1 2 7
84 1 1
3
0 3 3 2 1
84 3 2 1 3
75 3 2 3 1
2
0 1 1
-9 1 1
7
0 7 4 5 3 1 7 2 6
95 5 2 5 3 4 1
61 5 4 2 3 5 1
43 2 1 2
-39 1 1
-11 6 2 5 1 4 3 6
2 7 7 2 1 5 6 3 4
5
0 5 3 1 5 2 4
-57 3 2 3 1
-69 4 2 4 1 3
78 5 5 4 1 3 2
14 3 2 1 3
7
0 7 2 5 6 1 4 3 7
-20 7 3 4 1 2 7 5 6
9 5 1 5 4 3 2
-92 3 2 1 3
82 6 6 1 4 3 2 5
3 4 1 3 2 4
13 1 1
10
0 1 1
65 1 1
56 7 2 7 6 4 1 3 5
-64 7 4 6 3 7 5 2 1
81 9 8 2 6 7 4 9 5 1 3
-76 2 2 1
-71 9 4 6 8 2 3 7 5 1 9
10 7 7 6 4 1 5 3 2
23 5 5 4 2 3 1
-95 3 1 3 2
4
0 3 2 3 1
-22 4 2 1 3 4
-90 1 1
-18 1 1
3
0 2 1 2
83 1 1
36 1 1
8
0 1 1
-7 8 8 4 3 7 5 6 2 1
-14 2 1 2
17 8 7 2 5 3 8 6 1 4
-44 2 1 2
-6 8 1 4 3 7 5 8 6 2
-80 3 3 2 1
99 2 1 2
2
0 2 2 1
3 1 1
3
0 1 1
-92 3 1 3 2
11 1 1
3
0 2 1 2
4 1 1
63 3 1 2 3
8
0 2 1 2
98 8 3 4 5 8 1 6 7 2
23 6 4 6 3 1 5 2
96 4 4 3 2 1
-95 6 2 4 5 1 6 3
9 4 3 1 2 4
47 2 2 1
-94 7 6 3 5 2 7 1 4
10
0 6 2 4 1 3 6 5
74 10 9 6 3 8 2 1 5 4 10 7
-26 8 3 5 1 8 2 6 4 7
21 9 5 9 2 1 6 8 3 4 7
33 8 5 2 3 7 8 6 4 1
-57 5 2 5 3 4 1
29 3 2 1 3
-15 3 3 1 2
23 1 1
12 7 7 1 5 2 4 6 3
3
0 1 1
-31 2 1 2
89 1 1
7
0 1 1
-73 4 4 1 3 2
-11 6 6 5 2 3 4 1
-32 1 1
-18 6 5 3 6 2 1 4
46 4 1 4 2 3
57 5 3 4 2 1 5
3
0 2 2 1
49 1 1
-83 1 1
6
0 6 4 3 5 2 6 1
29 2 1 2
74 5 3 2 4 1 5
42 2 1 2
18 3 1 3 2
86 3 3 2 1
6
0 1 1
39 3 2 3 1
49 2 2 1
-98 2 1 2
-47 6 4 6 5 3 2 1
-35 5 3 1 4 5 2
2
0 2 2 1
-92 2 1 2
2
0 2 2 1
49 1 1
8
0 5 1 4 3 2 5
-40 2 1 2
87 2 1 2
-27 1 1
-16 2 2 1
19 1 1
-34 2 1 2
80 8 1 5 8 7 2 6 3 4
8
0 1 1
52 6 6 2 4 1 3 5
-91 4 1 3 4 2
47 8 6 3 5 1 4 2 7 8
30 1 1
77 5 1 4 5 3 2
-69 5 5 3 1 4 2
7 4 4 1 2 3
7
0 5 5 4 1 2 3
-31 4 2 1 4 3
24 6 3 1 4 5 2 6
21 2 2 1
-71 1 1
-85 7 3 6 5 4 7 1 2
11 1 1
4
0 4 2 1 3 4
46 2 2 1
45 1 1
-82 2 1 2
8
0 7 4 2 7 3 1 5 6
49 1 1
37 8 6 8 5 7 3 4 2 1
29 8 2 4 7 5 6 3 1 8
41 6 2 3 5 4 1 6
-89 2 1 2
5 5 1 5 4 2 3
52 3 2 1 3
7
0 7 3 6 5 1 7 2 4
-54 1 1
9 6 2 4 1 6 5 3
-73 6 1 5 6 4 3 2
-89 4 2 1 3 4
-93 7 1 4 5 6 2 7 3
84 4 3 2 4 1
4
0 3 3 1 2
88 3 1 2 3
-11 3 3 2 1
-28 4 3 1 2 4
4
0 1 1
98 1 1
93 4 1 2 3 4
91 1 1
3
0 2 2 1
-65 3 2 1 3
43 3 2 1 3
2
0 2 2 1
23 1 1
2
0 2 1 2
-61 2 2 1
3
0 2 1 2
71 1 1
-81 3 2 3 1
8
0 4 2 3 1 4
35 8 7 3 2 6 4 8 1 5
-53 2 2 1
35 7 4 7 2 3 5 1 6
-31 1 1
-22 4 3 4 1 2
-60 4 3 2 4 1
39 3 1 3 2
2
0 1 1
41 1 1
6
0 5 5 2 3 4 1
-69 5 5 1 4 2 3
-66 3 3 2 1
-75 2 2 1
68 3 3 1 2
-13 1 1
10
0 6 1 6 5 2 3 4
-44 3 3 2 1
90 7 3 4 1 7 2 5 6
22 8 5 3 1 7 8 2 4 6
10 2 1 2
-70 2 1 2
36 7 1 3 5 4 7 2 6
-1 9 8 3 2 5 1 4 7 9 6
-77 10 2 10 7 4 3 5 9 1 6 8
-44 2 2 1
10
0 1 1
-20 9 9 1 4 8 6 2 7 3 5
-95 7 1 7 4 6 3 2 5
57 4 1 2 3 4
83 7 2 4 7 3 5 6 1
94 1 1
56 5 3 5 1 2 4
-19 5 2 1 3 5 4
95 4 2 4 3 1
5 2 2 1
5
0 1 1
45 3 3 2 1
-68 1 1
68 3 2 1 3
-96 4 3 1 2 4
3
0 3 3 2 1
-36 1 1
-69 1 1
3
0 2 2 1
-28 2 2 1
91 1 1
8
0 4 1 4 3 2
-40 4 2 1 4 3
-48 7 1 3 7 4 5 2 6
27 2 1 2
-1 1 1
-10 5 4 3 1 2 5
64 6 6 3 2 1 4 5
-62 6 3 6 1 2 4 5
2
0 1 1
-82 1 1
4
0 1 1
-34 1 1
-70 2 1 2
-84 4 2 3 4 1
5
0 2 2 1
79 1 1
-17 1 1
38 5 2 5 4 3 1
23 5 4 5 1 3 2
6
0 3 2 1 3
4 4 2 4 3 1
-61 1 1
-26 2 2 1
17 5 2 5 1 3 4
43 2 1 2
9
0 1 1
-91 7 6 7 2 1 4 3 5
32 5 4 1 3 5 2
-11 7 5 6 1 4 2 3 7
-18 4 3 2 1 4
-17 3 3 2 1
-99 2 2 1
52 8 7 2 3 4 6 1 8 5
-99 6 2 4 3 1 6 5
2
0 2 1 2
89 2 2 1
3
0 1 1
-20 3 3 2 1
31 3 3 2 1
10
0 5 3 1 5 4 2
-21 3 2 3 1
-65 7 1 7 5 3 2 6 4
-39 9 6 5 3 8 1 4 2 9 7
-92 7 1 3 5 7 6 4 2
-37 9 2 8 4 1 9 7 3 6 5
-52 2 1 2
0 7 6 7 3 5 1 2 4
89 10 7 2 4 5 8 9 6 10 3 1
53 3 3 2 1
3
0 1 1
64 2 2 1
-1 3 1 2 3
10
0 3 3 2 1
75 1 1
-72 4 2 1 4 3
-67 8 1 3 5 4 2 7 6 8
26 10 10 5 9 3 8 4 7 2 1 6
55 10 1 8 2 5 4 9 3 10 6 7
74 9 7 5 8 6 4 9 2 1 3
-7 5 1 3 5 4 2
88 10 9 8 5 7 6 2 1 4 10 3
97 1 1
9
0 6 6 4 3 5 1 2
30 6 6 1 5 4 2 3
44 6 6 5 1 4 3 2
87 2 1 2
39 8 2 8 1 5 7 6 3 4
85 2 1 2
98 5 4 1 5 3 2
38 9 2 3 1 9 6 5 7 4 8
17 3 2 1 3
5
0 3 2 1 3
-88 4 1 4 2 3
-75 2 2 1
-58 5 1 3 2 5 4
-82 4 1 2 3 4
8
0 4 2 3 1 4
-69 2 2 1
-16 8 1 2 7 4 8 5 6 3
-97 8 6 7 8 2 3 5 4 1
50 6 6 2 3 1 4 5
-81 2 1 2
32 8 5 7 2 6 8 1 4 3
-89 2 2 1
3
0 3 2 3 1
-74 3 2 1 3
6 3 3 1 2
9
0 5 4 3 1 5 2
98 8 2 1 8 7 5 6 4 3
47 3 2 1 3
56 5 3 2 1 4 5
94 8 6 4 8 3 7 1 2 5
-13 5 5 3 4 2 1
-3 4 3 4 2 1
-74 9 2 6 5 9 4 7 3 1 8
45 5 5 3 1 2 4
10
0 5 2 1 3 4 5
-35 1 1
84 7 3 4 7 5 6 1 2
41 3 1 2 3
54 10 10 2 5 3 4 8 1 7 6 9
-99 6 6 1 2 4 5 3
26 9 4 3 9 8 1 5 7 6 2
17 7 1 6 3 2 4 7 5
21 9 1 4 9 2 8 7 6 5 3
89 5 4 1 2 3 5
10
0 7 7 1 6 5 4 2 3
16 6 6 4 1 2 3 5
-14 4 4 1 2 3
78 4 1 2 4 3
46 6 4 2 1 5 6 3
-26 4 4 3 1 2
-42 10 4 2 3 7 10 5 6 1 8 9
90 9 1 5 4 8 6 7 2 9 3
-67 7 3 1 4 7 5 6 2
-8 4 2 3 1 4
2
0 2 2 1
42 2 2 1
7
0 7 5 7 1 6 3 2 4
-62 4 3 1 2 4
-57 5 5 1 2 4 3
78 5 3 4 2 1 5
-94 1 1
85 5 2 5 3 4 1
10 1 1
5
0 1 1
-21 4 1 3 2 4
-78 5 4 1 3 2 5
17 4 1 2 3 4
32 3 3 1 2
6
0 6 5 4 6 2 1 3
84 5 5 3 2 4 1
57 2 1 2
-93 5 4 5 1 3 2
64 1 1
52 3 3 2 1
4
0 4 1 3 4 2
-70 1 1
-65 2 2 1
-63 1 1
3
0 3 2 3 1
-13 2 1 2
-22 1 1
3
0 1 1
-99 1 1
52 3 1 3 2
6
0 1 1
-84 3 3 1 2
80 2 1 2
-92 4 1 2 3 4
-52 5 4 1 3 2 5
-48 2 2 1
4
0 4 4 2 1 3
53 1 1
-20 1 1
1 2 2 1
3
0 2 1 2
90 1 1
-35 3 3 1 2
2
0 2 1 2
-53 1 1
3
0 2 2 1
3 2 2 1
41 1 1
7
0 3 2 1 3
10 1 1
27 5 3 1 2 5 4
8 2 2 1
15 6 5 3 4 1 6 2
-39 3 3 2 1
-42 1 1
8
0 8 7 8 3 6 2 5 4 1
-52 3 3 2 1
15 2 1 2
86 6 4 5 3 1 2 6
72 1 1
-61 1 1
-6 7 6 2 3 4 1 7 5
-80 4 4 2 3 1
7
0 4 4 1 3 2
-24 2 2 1
-46 5 1 2 3 4 5
69 6 1 2 6 3 4 5
44 5 2 1 5 4 3
-49 7 7 4 1 6 2 5 3
-95 5 1 2 3 5 4
5
0 2 2 1
89 2 2 1
5 3 3 2 1
69 3 2 1 3
8 5 2 3 1 5 4
10
0 1 1
-20 3 1 3 2
4 5 5 4 1 3 2
-49 3 2 1 3
-66 6 2 1 3 5 6 4
-41 1 1
71 10 6 2 5 9 3 4 1 10 8 7
37 5 3 4 5 1 2
-55 8 5 3 7 8 6 1 4 2
6 10 5 8 6 9 7 3 10 1 4 2
8
0 4 1 2 4 3
-30 2 2 1
-8 8 6 7 4 3 5 1 2 8
-81 6 3 6 4 2 5 1
-86 2 2 1
44 2 2 1
44 7 4 5 2 1 6 7 3
-63 5 1 4 2 3 5
6
0 1 1
33 4 3 2 1 4
68 1 1
68 1 1
12 3 2 1 3
-37 6 3 4 1 5 2 6
6
0 3 2 1 3
-93 6 3 1 4 6 2 5
3 4 4 2 3 1
32 1 1
-65 2 2 1
55 4 2 1 3 4
4
0 2 1 2
-85 2 1 2
89 1 1
60 4 3 1 4 2
3
0 3 2 3 1
-26 1 1
-71 2 2 1
3
0 3 2 3 1
-76 2 2 1
13 3 3 1 2
2
0 1 1
-30 1 1
9
0 6 5 2 3 4 6 1
-82 7 6 5 4 1 3 7 2
42 4 3 4 2 1
56 9 3 1 5 4 7 6 8 2 9
-7 7 6 3 2 4 5 1 7
75 8 6 4 5 7 8 2 1 3
-100 6 4 2 3 6 5 1
-40 4 1 2 4 3
36 8 7 5 2 3 6 1 8 4
2
0 2 1 2
11 2 2 1
2
0 2 1 2
-95 2 1 2
9
0 2 1 2
-67 5 1 5 3 2 4
86 6 4 6 2 3 5 1
-88 5 5 3 4 1 2
35 4 1 3 4 2
83 7 5 2 3 4 7 6 1
-64 8 8 2 6 3 4 5 1 7
89 8 1 2 8 5 4 6 7 3
-79 9 2 4 1 3 6 9 5 8 7
5
0 5 4 2 3 5 1
-67 4 1 2 3 4
45 4 1 3 4 2
-78 2 1 2
78 3 2 1 3
2
0 1 1
-59 2 2 1
4
0 1 1
-87 4 4 3 2 1
-16 3 2 3 1
-83 4 2 4 1 3
4
0 2 1 2
96 1 1
89 1 1
13 1 1
10
0 3 1 2 3
90 4 3 2 1 4
89 8 5 2 1 4 7 8 6 3
92 4 3 2 1 4
-96 6 4 2 6 3 1 5
-13 8 4 1 6 8 5 3 2 7
-46 7 3 1 7 6 5 4 2
-8 2 2 1
-16 9 7 8 2 3 1 5 9 6 4
-75 6 1 6 2 4 5 3
4
0 2 1 2
71 2 1 2
-100 4 1 4 2 3
-12 4 4 3 1 2
4
0 1 1
25 1 1
57 1 1
-15 2 1 2
6
0 6 5 6 2 3 1 4
8 5 2 1 4 5 3
27 5 1 5 2 4 3
-4 1 1
-100 2 2 1
76 5 2 1 3 5 4
10
0 10 5 8 4 6 7 3 1 10 2 9
5 4 1 3 4 2
58 3 3 1 2
94 1 1
44 8 3 5 6 4 7 2 8 1
-98 9 7 2 3 1 6 4 9 8 5
-37 9 5 3 7 1 9 6 8 2 4
69 10 7 5 1 10 8 9 6 4 2 3
-8 8 6 2 1 3 4 5 8 7
84 5 2 5 4 1 3
6
0 3 2 1 3
84 4 4 2 1 3
10 3 2 3 1
-46 6 4 3 5 2 1 6
-66 1 1
46 2 2 1
2
0 2 1 2
-79 2 1 2
2
0 1 1
-62 2 2 1
3
0 1 1
3 2 1 2
10 3 2 3 1
6
0 4 2 3 1 4
30 1 1
-42 4 1 4 2 3
-59 6 6 3 1 4 2 5
4 4 3 4 2 1
21 5 5 2 3 1 4
5
0 2 1 2
18 2 2 1
28 5 4 1 3 5 2
-29 2 1 2
90 1 1
9
0 6 1 6 2 5 4 3
-68 5 4 2 5 1 3
-73 6 1 3 6 2 5 4
-100 1 1
96 8 5 7 6 1 2 3 4 8
-93 3 1 3 2
60 1 1
-20 8 5 8 1 4 3 6 7 2
-39 9 8 4 7 2 3 5 9 6 1
6
0 1 1
-38 4 3 4 1 2
-16 2 2 1
17 1 1
86 5 4 3 5 2 1
30 4 1 2 4 3
2
0 1 1
-57 2 1 2
10
0 10 8 5 3 1 4 9 2 6 10 7
-7 4 3 4 1 2
-52 2 1 2
22 10 9 3 6 5 4 10 1 7 8 2
86 5 2 1 3 5 4
-69 2 1 2
-10 2 1 2
-28 3 2 3 1
88 3 2 1 3
61 8 3 7 4 5 6 2 1 8
4
0 1 1
58 2 1 2
12 4 2 4 3 1
59 3 1 2 3
2
0 2 2 1
38 1 1
9
0 9 5 7 2 4 3 9 8 1 6
-49 7 5 7 6 3 4 1 2
-46 9 9 4 3 1 5 7 6 8 2
-74 5 3 2 1 4 5
58 6 1 4 3 2 6 5
-61 2 1 2
30 6 5 4 3 2 6 1
85 7 2 1 7 6 3 5 4
-67 8 4 8 5 7 1 6 3 2
8
0 1 1
-17 5 4 1 2 3 5
-82 1 1
28 2 2 1
-75 8 8 6 3 4 7 5 1 2
-77 3 1 3 2
-55 5 2 5 3 4 1
81 4 4 3 1 2
10
0 6 3 1 6 2 4 5
59 5 2 4 5 3 1
-12 1 1
-15 3 1 3 2
25 10 2 3 1 10 7 9 4 6 5 8
-87 6 1 3 4 6 2 5
-93 3 2 1 3
29 9 9 5 6 8 2 7 1 4 3
40 9 1 2 9 6 7 3 5 4 8
-51 9 3 8 2 1 7 4 6 5 9
2
0 1 1
11 1 1
2
0 2 2 1
-52 2 1 2
7
0 5 3 2 4 1 5
76 4 2 1 3 4
92 2 1 2
53 6 6 1 2 3 5 4
-7 4 4 1 3 2
-37 2 1 2
-81 7 1 6 2 3 7 5 4
3
0 2 1 2
89 3 1 3 2
63 2 2 1
7
0 1 1
10 6 5 6 3 2 4 1
-35 4 1 3 4 2
-25 6 1 2 5 6 4 3
15 6 1 2 4 6 3 5
-53 5 5 1 3 2 4
-21 7 1 3 2 4 5 6 7
3
0 3 3 1 2
54 3 2 3 1
54 2 2 1
4
0 4 2 3 1 4
9 2 1 2
92 3 2 3 1
-53 1 1
3
0 2 1 2
92 1 1
83 3 2 3 1
10
0 4 4 1 2 3
27 4 2 1 4 3
88 9 4 8 7 9 2 3 5 6 1
62 2 2 1
94 8 7 5 3 8 1 6 4 2
74 9 6 8 1 4 2 5 7 9 3
-78 9 8 2 6 4 1 5 7 3 9
74 3 1 2 3
-37 3 1 2 3
85 9 1 4 6 2 8 3 9 7 5
10
0 7 3 5 6 1 4 2 7
-8 6 6 5 1 2 3 4
-50 4 3 2 4 1
89 6 2 3 4 5 1 6
57 7 1 3 2 4 5 7 6
7 9 5 2 8 7 6 4 1 3 9
-67 2 2 1
-4 5 3 1 4 2 5
5 10 4 5 7 6 2 9 1 10 8 3
83 6 4 5 2 1 3 6
4
0 3 1 2 3
-21 1 1
79 2 2 1
98 1 1
10
0 2 1 2
-84 3 2 1 3
1 10 2 3 1 4 6 10 5 8 9 7
83 3 1 3 2
32 3 3 1 2
55 9 5 7 3 1 8 2 6 9 4
30 4 2 3 4 1
-7 6 3 1 4 5 2 6
28 3 2 3 1
-39 6 1 4 5 6 2 3
2
0 2 1 2
-74 1 1
8
0 1 1
1 5 2 1 3 5 4
77 1 1
50 8 4 5 6 8 2 1 7 3
-72 2 2 1
-81 6 3 5 2 4 6 1
-13 2 2 1
-6 4 4 1 3 2
6
0 5 2 4 1 3 5
-89 6 2 3 1 5 6 4
-1 1 1
-10 3 1 3 2
18 3 3 1 2
69 4 1 4 3 2
4
0 4 4 2 1 3
14 1 1
-3 3 3 2 1
31 1 1
7
0 6 1 3 4 2 5 6
61 7 1 3 5 7 2 4 6
57 5 1 3 4 5 2
34 1 1
78 1 1
-23 6 4 5 6 3 1 2
-93 4 2 3 4 1
4
0 2 2 1
32 4 3 2 4 1
-73 1 1
-5 2 1 2
2
0 2 2 1
70 2 2 1
6
0 5 2 5 1 4 3
70 4 1 2 3 4
61 5 2 3 1 4 5
-90 4 1 3 2 4
37 4 1 4 2 3
-92 1 1
7
0 7 1 7 2 5 6 4 3
-8 5 2 1 3 5 4
-29 7 1 2 6 4 3 5 7
-98 3 2 3 1
-89 4 3 2 1 4
-27 2 2 1
16 1 1
6
0 1 1
76 3 2 1 3
-55 2 2 1
-76 4 3 4 2 1
-47 2 2 1
-73 2 2 1
2
0 2 1 2
-93 1 1
9
0 7 4 2 6 7 5 3 1
13 3 1 2 3
93 3 1 3 2
34 2 1 2
-93 7 4 2 3 5 7 6 1
97 3 2 3 1
22 7 3 5 4 2 1 7 6
93 6 1 4 2 3 6 5
70 1 1
3
0 1 1
45 3 3 1 2
85 1 1
2
0 2 2 1
-47 1 1
2
0 2 1 2
-47 1 1
8
0 8 4 5 2 1 7 8 6 3
-95 8 4 7 5 1 6 2 8 3
-14 5 5 4 1 2 3
89 6 6 1 4 2 3 5
29 7 7 2 3 4 6 1 5
41 6 3 2 1 5 4 6
73 7 6 7 5 3 4 1 2
-4 4 1 4 3 2
4
0 1 1
-51 2 2 1
-73 2 2 1
-59 4 1 3 2 4
5
0 5 1 3 2 4 5
54 2 1 2
54 5 4 3 2 5 1
-59 3 1 3 2
93 1 1
3
0 3 3 1 2
74 1 1
-82 3 2 3 1
8
0 5 1 3 5 2 4
82 1 1
75 5 5 3 2 4 1
-27 3 3 1 2
-54 1 1
53 4 2 4 3 1
-91 1 1
-53 6 4 3 6 2 1 5
3
0 1 1
19 1 1
92 1 1
8
0 7 5 2 4 6 7 3 1
-64 8 5 8 6 3 7 4 1 2
-29 7 7 3 5 2 6 4 1
-38 5 4 5 2 1 3
94 6 4 2 5 6 1 3
-45 4 4 1 2 3
61 2 2 1
99 2 2 1
10
0 9 6 4 3 9 1 5 8 2 7
53 3 1 3 2
8 2 1 2
-1 3 3 1 2
64 3 1 3 2
62 1 1
-7 5 2 5 1 3 4
-25 6 6 1 3 5 4 2
64 1 1
-85 5 5 1 3 2 4
9
0 3 1 3 2
25 3 2 1 3
-32 2 1 2
-49 3 1 2 3
-99 6 6 2 1 3 4 5
73 9 7 2 3 9 1 6 8 5 4
-71 8 8 5 7 1 2 3 6 4
-25 2 1 2
37 2 2 1
6
0 5 3 1 4 2 5
1 6 5 2 4 1 6 3
69 4 2 3 4 1
1 6 3 1 6 2 4 5
-73 6 1 6 4 5 3 2
-60 6 2 4 3 5 6 1
5
0 2 2 1
-17 5 5 4 2 1 3
28 2 1 2
-19 3 1 3 2
76 5 2 3 5 4 1
4
0 4 1 3 4 2
16 4 4 2 1 3
0 3 2 3 1
42 3 2 3 1
9
0 3 2 3 1
55 4 2 3 4 1
54 6 2 6 3 5 4 1
-56 5 5 1 4 3 2
85 7 1 4 2 7 3 6 5
-57 4 2 1 4 3
-44 2 2 1
86 2 1 2
28 2 1 2
10
0 10 9 6 8 5 4 7 10 3 2 1
-18 9 7 2 5 6 4 8 3 9 1
47 5 2 3 5 1 4
27 8 7 2 1 3 8 4 6 5
46 4 4 3 2 1
-43 3 1 2 3
-83 7 2 5 1 7 4 3 6
47 8 6 4 2 3 7 8 1 5
43 7 7 6 2 5 3 4 1
-21 2 1 2
8
0 7 2 1 7 4 6 5 3
41 1 1
-28 8 6 3 5 4 2 7 1 8
45 4 4 2 1 3
-50 2 1 2
75 1 1
88 3 3 2 1
-78 6 6 5 4 1 3 2
6
0 5 3 5 4 2 1
41 5 4 5 1 3 2
-50 2 2 1
25 5 5 2 3 1 4
-12 5 5 3 4 2 1
-5 4 4 2 3 1
8
0 1 1
-45 5 4 3 5 1 2
-26 4 1 2 3 4
24 7 4 1 2 7 6 3 5
-95 3 1 3 2
-33 3 1 3 2
-3 1 1
68 2 1 2
3
0 1 1
-96 1 1
53 3 1 3 2
8
0 4 4 1 3 2
5 2 2 1
-60 3 3 2 1
-24 2 1 2
-48 2 2 1
-17 8 5 2 1 4 8 6 3 7
-96 1 1
-7 2 2 1
9
0 8 6 4 7 8 5 1 3 2
2 1 1
-39 2 2 1
-97 8 7 8 1 5 2 6 3 4
-33 9 6 8 9 3 2 7 4 5 1
57 8 1 2 8 4 5 3 6 7
4 3 1 2 3
-64 5 3 4 5 2 1
4 1 1
7
0 6 4 1 6 3 2 5
-35 3 3 2 1
-76 2 2 1
-83 6 5 6 3 2 1 4
77 5 3 2 4 1 5
41 6 5 4 6 3 2 1
-35 6 6 4 1 3 5 2
8
0 5 4 2 1 3 5
-36 8 7 8 2 6 5 3 4 1
-98 8 4 6 3 8 1 7 2 5
-45 6 2 3 1 6 4 5
67 7 3 2 4 1 5 6 7
-5 3 2 3 1
90 5 4 1 5 2 3
-10 6 2 4 5 1 3 6
4
0 2 1 2
70 4 2 3 4 1
63 1 1
-86 3 1 3 2
10
0 2 1 2
-46 10 3 4 5 1 8 7 9 10 2 6
-80 6 3 5 1 4 2 6
-2 6 2 3 5 6 1 4
-23 10 6 5 4 9 1 3 7 8 2 10
-63 5 1 3 5 2 4
27 6 1 3 2 5 4 6
-46 9 9 4 7 5 1 6 2 8 3
-44 7 7 5 2 4 6 3 1
63 5 3 2 1 5 4
6
0 6 6 4 2 1 5 3
53 3 2 1 3
21 1 1
4 2 1 2
61 3 1 2 3
97 5 3 2 5 1 4
4
0 3 1 2 3
38 3 3 2 1
-35 3 2 1 3
28 4 3 2 1 4
4
0 1 1
37 4 2 3 4 1
74 1 1
20 4 3 4 2 1
6
0 5 3 4 1 2 5
-66 2 2 1
-23 4 3 4 2 1
-47 4 3 2 4 1
-65 6 3 5 2 6 1 4
-1 2 2 1
2
0 1 1
-28 2 1 2
10
0 5 5 4 1 3 2
93 5 2 5 3 4 1
-15 9 7 3 8 6 9 4 1 5 2
54 3 2 1 3
64 8 2 4 6 7 5 1 8 3
16 10 3 2 6 10 1 4 5 7 9 8
-1 7 5 6 4 2 1 7 3
-17 1 1
-94 4 1 2 4 3
-29 6 4 6 1 5 3 2
10
0 4 4 1 3 2
-14 6 6 4 5 1 3 2
93 7 3 2 4 5 7 6 1
-18 1 1
26 1 1
-24 2 2 1
53 6 5 2 4 6 1 3
-87 2 1 2
63 2 2 1
-46 5 4 2 3 1 5
8
0 1 1
44 2 2 1
21 4 3 1 2 4
0 6 4 6 2 1 3 5
89 3 1 3 2
54 3 3 1 2
-45 6 4 6 5 2 1 3
-18 3 2 1 3
3
0 3 3 1 2
20 1 1
9 3 2 1 3
4
0 3 3 2 1
22 4 1 3 4 2
39 3 2 1 3
20 2 1 2
4
0 4 4 1 3 2
-55 1 1
2 1 1
-25 4 3 1 2 4
10
0 3 1 2 3
-57 10 6 1 7 10 2 5 3 9 8 4
-66 6 5 1 6 3 2 4
67 10 7 3 9 2 5 4 8 6 10 1
-60 5 2 3 4 1 5
84 8 1 3 8 6 5 4 2 7
68 4 3 2 1 4
16 7 7 2 6 3 1 5 4
-61 1 1
65 8 8 3 2 5 6 4 1 7
2
0 1 1
4 1 1
2
0 1 1
69 2 1 2
6
0 5 3 4 1 5 2
-45 1 1
34 5 1 5 3 4 2
-95 2 1 2
72 3 2 1 3
-38 2 2 1
6
0 1 1
-94 2 1 2
-74 5 1 5 3 2 4
81 3 1 3 2
57 4 1 4 2 3
75 6 2 4 3 5 6 1
5
0 1 1
93 2 1 2
49 5 3 1 5 2 4
5 1 1
-37 4 1 2 4 3
2
0 1 1
-27 2 1 2
6
0 4 1 2 4 3
88 4 1 4 2 3
-38 6 5 2 1 6 3 4
-94 4 1 4 3 2
32 1 1
44 4 2 3 1 4
4
0 3 1 2 3
-18 4 4 3 2 1
-83 2 1 2
-80 1 1
3
0 1 1
56 3 2 1 3
-61 1 1
4
0 4 3 4 1 2
-73 3 3 2 1
78 3 1 3 2
-69 3 1 2 3
7
0 7 4 5 7 2 6 1 3
28 5 4 2 5 3 1
1 6 1 3 5 2 4 6
55 5 4 2 1 5 3
12 7 6 3 5 1 4 2 7
-100 3 1 3 2
17 4 2 4 1 3
8
0 6 2 5 1 6 3 4
71 3 3 2 1
-55 6 1 2 6 3 5 4
58 7 5 3 1 4 6 7 2
-98 1 1
-62 8 6 3 4 8 1 5 7 2
70 3 2 1 3
75 4 1 3 4 2
7
0 5 3 2 4 5 1
-27 2 2 1
50 6 1 4 6 2 3 5
66 3 3 1 2
-77 4 4 2 3 1
-71 6 3 2 6 5 4 1
66 7 3 6 1 7 4 5 2
10
0 4 4 1 3 2
93 8 4 6 1 7 3 2 8 5
-41 2 1 2
-61 3 1 2 3
85 3 1 3 2
14 10 8 7 10 6 1 2 5 9 3 4
-15 3 2 3 1
-85 9 4 8 7 6 5 3 9 1 2
-83 5 3 5 1 4 2
-70 6 6 3 1 4 5 2
10
0 3 3 1 2
69 5 2 1 5 4 3
-66 10 1 8 6 2 9 4 3 5 7 10
43 9 1 5 4 3 8 9 6 7 2
-79 5 1 2 5 3 4
83 2 2 1
-11 10 4 6 2 1 7 3 5 8 9 10
68 4 2 4 3 1
4 5 3 5 2 4 1
-97 4 4 1 2 3
9
0 7 3 4 7 6 5 1 2
64 6 3 4 1 6 5 2
-23 3 2 1 3
90 7 2 1 3 7 6 5 4
-25 7 2 5 7 3 6 1 4
-74 6 4 2 5 6 1 3
-21 6 6 4 5 1 3 2
20 7 5 4 2 6 1 7 3
63 7 3 1 4 5 2 6 7
2
0 2 1 2
97 1 1
8
0 7 5 2 7 4 1 6 3
42 4 4 2 3 1
-5 6 6 2 3 5 1 4
19 4 1 2 4 3
59 4 3 1 2 4
-84 7 3 7 4 6 2 1 5
-21 6 4 3 5 2 6 1
-2 8 3 2 4 7 6 1 8 5
5
0 3 2 1 3
-46 5 5 2 1 3 4
63 1 1
67 5 4 5 1 3 2
-29 4 2 1 4 3
9
0 7 1 6 7 5 4 2 3
81 4 4 1 3 2
3 5 3 5 2 1 4
-47 3 3 1 2
-56 5 3 2 5 4 1
55 4 1 2 4 3
-60 9 8 7 2 5 1 6 3 9 4
78 1 1
-81 9 6 8 3 7 9 5 2 1 4
9
0 8 6 7 5 3 8 1 4 2
90 8 2 1 6 4 8 3 5 7
-43 7 5 3 6 7 2 4 1
52 3 3 1 2
48 4 3 1 2 4
-36 9 8 4 3 6 7 2 5 9 1
-30 1 1
34 3 1 2 3
-77 4 2 1 3 4
7
0 5 4 5 1 2 3
87 2 2 1
-98 6 2 3 1 5 4 6
99 6 3 4 6 5 1 2
-63 3 2 1 3
75 7 6 2 5 7 1 4 3
-48 1 1
7
0 1 1
-16 1 1
-64 4 1 2 4 3
-21 3 3 2 1
20 6 3 5 2 4 6 1
62 4 1 3 2 4
-25 6 1 2 6 5 4 3
3
0 1 1
-66 3 1 2 3
85 1 1
8
0 1 1
38 6 2 1 4 3 5 6
-15 1 1
18 5 2 1 3 4 5
-64 3 1 2 3
43 1 1
31 3 3 1 2
-23 8 2 1 3 7 5 6 8 4
8
0 8 1 2 8 5 6 4 3 7
-85 3 2 1 3
32 4 2 1 4 3
48 6 3 4 5 1 2 6
74 1 1
-29 8 7 3 8 2 4 5 6 1
46 1 1
-7 7 5 7 6 2 1 3 4
3
0 2 2 1
31 3 1 2 3
5 2 2 1
9
0 1 1
-41 9 4 3 5 9 8 6 1 2 7
93 6 6 2 5 4 1 3
40 8 3 2 4 5 6 7 8 1
-1 5 3 4 1 2 5
23 3 1 2 3
70 6 5 6 4 1 2 3
-49 6 4 6 3 2 1 5
-88 4 2 1 4 3
7
0 7 3 6 2 4 5 7 1
-43 1 1
0 3 3 1 2
69 2 2 1
-36 6 3 2 1 6 4 5
73 1 1
11 5 2 3 5 4 1
9
0 3 1 3 2
29 3 1 3 2
-26 5 2 3 1 4 5
24 2 2 1
50 4 3 2 4 1
86 5 2 5 4 3 1
-78 1 1
89 4 1 2 3 4
83 7 5 1 4 2 6 7 3
8
0 4 3 2 1 4
-17 3 2 1 3
-4 4 4 3 2 1
9 7 3 5 1 4 6 2 7
20 1 1
24 6 3 1 5 4 6 2
-32 4 2 3 4 1
-77 2 2 1
4
0 1 1
-35 3 3 2 1
-74 4 3 2 1 4
-20 4 1 3 4 2
8
0 5 3 4 2 1 5
91 7 1 6 2 3 4 7 5
5 2 2 1
-67 4 1 4 2 3
36 1 1
-55 2 1 2
-100 7 7 2 4 1 6 3 5
52 2 2 1
3
0 2 1 2
59 2 1 2
82 2 1 2
10
0 4 1 4 3 2
84 4 4 1 3 2
51 5 3 4 1 2 5
62 9 6 9 5 3 7 1 4 8 2
-14 9 9 7 2 6 4 5 1 3 8
37 4 1 4 2 3
-66 4 4 2 3 1
-48 7 4 7 6 1 2 3 5
-20 4 2 3 1 4
8 7 6 3 7 2 5 4 1
10
0 7 2 1 5 4 6 7 3
-96 3 1 2 3
-23 3 1 3 2
-29 2 1 2
43 3 2 1 3
9 9 1 9 5 7 8 2 3 4 6
18 5 1 5 2 4 3
-17 7 7 4 2 1 6 3 5
-73 2 1 2
19 8 4 5 7 6 1 2 3 8
2
0 2 2 1
88 1 1
6
0 3 1 2 3
24 2 2 1
-94 1 1
96 1 1
11 4 1 4 3 2
1 4 2 1 3 4
9
0 2 1 2
-38 2 1 2
-43 2 1 2
-90 7 2 6 5 4 3 7 1
-38 1 1
99 3 2 1 3
48 7 7 6 5 3 2 4 1
57 6 6 3 2 5 4 1
-83 9 6 8 2 1 7 3 4 9 5
4
0 3 3 1 2
-40 1 1
33 1 1
61 3 2 3 1
10
0 1 1
63 8 4 7 3 6 8 5 2 1
-20 1 1
52 7 6 5 7 1 4 3 2
18 8 8 3 1 5 7 2 4 6
-75 6 6 1 5 3 2 4
-22 9 6 2 7 9 4 1 8 5 3
40 6 6 2 1 4 3 5
36 1 1
91 9 4 3 7 5 9 2 8 6 1
2
0 1 1
73 2 1 2
8
0 1 1
67 6 6 5 3 4 2 1
90 2 1 2
30 2 1 2
-59 2 2 1
51 6 5 2 4 1 6 3
57 3 2 1 3
85 6 1 3 5 4 6 2
2
0 1 1
40 2 2 1
2
0 1 1
11 1 1
8
0 2 1 2
-36 4 3 2 1 4
38 2 2 1
-100 1 1
23 6 2 1 3 5 4 6
33 1 1
-56 4 1 3 2 4
61 8 3 1 7 2 5 8 6 4
6
0 2 1 2
29 4 4 2 1 3
-99 4 3 4 1 2
48 1 1
-54 5 2 5 4 3 1
-54 1 1
4
0 2 1 2
-94 4 2 4 3 1
91 4 4 1 2 3
-77 1 1
10
0 8 3 5 6 8 1 2 7 4
-89 4 2 1 4 3
8 10 6 4 8 5 10 1 2 9 7 3
-98 7 2 7 1 4 3 6 5
-11 2 1 2
-77 5 3 1 5 4 2
-44 3 1 2 3
-17 1 1
10 6 5 2 1 3 4 6
-39 7 2 4 5 3 1 7 6
8
0 7 2 4 7 5 1 3 6
12 3 3 2 1
79 7 6 4 7 2 1 3 5
-30 8 5 7 4 3 1 6 2 8
84 3 3 1 2
-13 3 1 2 3
-3 5 5 1 4 3 2
-65 8 7 4 1 3 6 8 5 2
8
0 5 4 3 2 5 1
-29 8 2 4 7 8 6 1 5 3
-2 4 1 4 3 2
84 6 4 5 3 6 2 1
-71 4 1 3 2 4
-1 6 2 6 3 1 4 5
11 1 1
-90 4 4 3 2 1
5
0 4 4 3 1 2
51 5 1 3 5 4 2
30 1 1
84 2 2 1
41 1 1
7
0 7 7 1 2 5 4 6 3
2 6 5 6 3 1 4 2
1 1 1
28 1 1
-65 2 1 2
-17 4 1 4 2 3
-90 6 1 2 5 6 3 4
8
0 6 6 1 3 4 2 5
92 6 5 1 2 3 6 4
-56 6 1 4 6 3 5 2
97 6 2 5 4 6 3 1
-7 7 3 7 2 4 6 5 1
53 6 3 5 4 2 1 6
94 1 1
21 3 2 3 1
4
0 4 1 3 2 4
37 2 1 2
-50 4 3 4 1 2
-62 4 4 3 1 2
8
0 3 3 1 2
97 4 1 3 2 4
93 6 2 3 6 5 4 1
-99 1 1
73 3 1 3 2
-98 3 3 1 2
80 8 6 1 3 4 2 8 7 5
86 6 1 6 3 5 2 4
4
0 4 1 2 3 4
88 3 2 1 3
5 3 2 1 3
-83 2 2 1
10
0 7 3 4 6 5 2 1 7
-40 9 2 1 3 7 5 8 4 6 9
-86 5 5 4 3 1 2
-3 3 1 3 2
-99 3 3 2 1
22 4 2 1 3 4
98 5 1 2 5 4 3
21 4 4 1 3 2
3 6 1 6 5 3 4 2
-49 5 3 5 4 2 1
7
0 1 1
-29 6 3 5 1 6 2 4
83 7 1 6 7 3 2 5 4
-70 7 2 3 7 1 4 6 5
42 6 6 3 4 5 2 1
67 5 5 4 3 2 1
49 5 4 1 5 2 3
6
0 5 1 2 4 3 5
-47 2 2 1
-56 4 1 2 4 3
54 1 1
-99 6 5 6 1 3 2 4
-4 4 2 3 1 4
10
0 3 1 2 3
-31 8 4 6 7 2 3 5 8 1
-92 1 1
-92 4 4 1 3 2
90 2 2 1
61 10 8 9 10 6 7 5 3 1 2 4
-44 2 2 1
-28 6 5 1 2 3 6 4
14 5 3 4 1 5 2
74 9 5 2 1 7 9 4 6 8 3
10
0 3 1 2 3
-60 5 5 4 2 3 1
67 2 1 2
-89 6 1 4 6 5 2 3
89 10 5 7 6 10 3 8 4 1 9 2
-89 1 1
-17 4 3 4 1 2
-39 7 3 2 7 4 6 5 1
30 1 1
62 6 3 2 1 5 6 4
2
0 1 1
16 1 1
3
0 2 1 2
-59 1 1
32 2 2 1
3
0 2 1 2
6 1 1
-45 1 1
5
0 1 1
-42 1 1
-76 2 2 1
78 2 2 1
-72 3 1 2 3
9
0 9 8 4 3 5 7 6 2 9 1
21 8 6 1 8 5 7 3 2 4
8 5 3 1 4 5 2
26 5 5 3 2 1 4
-65 2 1 2
-83 6 3 2 5 4 6 1
-94 1 1
-10 3 2 3 1
-9 1 1
6
0 5 3 1 5 4 2
5 1 1
72 5 4 1 3 5 2
2 4 3 1 2 4
50 5 1 5 4 3 2
-20 1 1
3
0 1 1
34 3 2 3 1
87 3 2 3 1
8
0 7 1 7 5 3 6 2 4
-87 8 3 1 8 7 5 6 4 2
-100 5 4 3 2 5 1
78 5 2 1 3 5 4
76 2 1 2
92 2 1 2
68 6 5 6 2 3 1 4
12 3 1 2 3
6
0 4 4 1 3 2
-48 2 2 1
-100 4 2 1 4 3
86 3 2 1 3
15 6 3 6 5 4 1 2
-81 6 3 6 4 1 2 5
10
0 9 1 9 8 6 2 3 5 4 7
-67 4 1 2 3 4
16 6 6 3 1 2 5 4
-77 10 2 1 4 10 9 5 7 3 6 8
24 9 5 8 1 9 2 6 3 4 7
92 7 4 1 5 3 2 7 6
-64 3 2 1 3
18 8 3 6 4 2 8 7 1 5
-13 3 2 1 3
-91 10 4 7 5 1 10 8 6 9 2 3
10
0 3 1 3 2
4 6 3 2 5 4 6 1
63 9 2 9 8 3 1 6 7 4 5
-96 9 5 3 8 7 4 2 9 1 6
-47 5 2 4 1 5 3
90 8 1 2 6 3 7 8 5 4
-69 2 1 2
-21 8 4 7 5 6 2 3 8 1
65 7 5 6 2 3 4 7 1
21 10 1 7 5 9 4 3 2 8 6 10
6
0 6 3 2 6 1 5 4
-53 4 2 1 4 3
-64 4 1 2 4 3
-77 1 1
10 6 1 5 4 3 6 2
39 6 5 6 3 4 1 2
3
0 1 1
48 3 1 2 3
64 3 3 1 2
4
0 2 1 2
83 4 1 2 4 3
-96 2 2 1
65 3 2 3 1
2
0 2 1 2
54 1 1
3
0 2 1 2
-89 1 1
-24 3 1 2 3
6
0 6 3 4 6 5 1 2
86 5 2 1 4 5 3
28 2 1 2
8 3 2 3 1
95 2 1 2
-99 3 2 3 1
9
0 3 2 3 1
70 3 2 1 3
99 8 3 4 6 7 1 2 5 8
20 8 4 7 1 6 2 3 8 5
49 8 4 8 1 2 5 3 6 7
-47 2 2 1
24 9 2 6 7 5 9 8 3 1 4
15 5 4 5 1 2 3
-1 7 2 6 3 1 7 5 4
2
0 1 1
-78 2 2 1
6
0 3 2 1 3
-32 3 2 3 1
66 2 1 2
-50 4 3 1 2 4
-42 2 1 2
70 4 3 4 2 1
2
0 1 1
86 1 1
3
0 1 1
-62 2 2 1
80 2 2 1
9
0 1 1
7 9 7 6 9 2 3 1 5 8 4
81 9 8 9 1 6 4 3 2 5 7
-82 5 3 5 4 1 2
-69 1 1
-60 6 1 2 4 5 6 3
-76 3 1 2 3
-67 9 9 5 3 6 8 7 2 4 1
17 1 1
6
0 6 4 5 1 3 2 6
97 6 3 6 4 5 2 1
-76 1 1
49 1 1
48 4 1 2 4 3
-17 2 1 2
9
0 9 4 9 6 5 1 2 7 8 3
-56 2 2 1
-50 8 1 3 6 2 4 8 5 7
-38 6 6 3 5 2 1 4
-7 5 1 3 4 5 2
-14 1 1
11 8 6 8 7 3 5 4 2 1
13 3 3 1 2
-77 3 1 3 2
10
0 6 1 6 3 2 4 5
62 1 1
-27 4 3 4 2 1
-1 6 5 3 6 4 1 2
-29 2 1 2
-100 7 2 4 7 3 5 1 6
-13 6 4 3 5 2 1 6
33 6 4 1 2 5 3 6
-59 4 3 2 4 1
-1 4 3 1 2 4
3
0 3 1 3 2
41 2 2 1
15 3 1 3 2
7
0 5 3 1 4 2 5
-43 6 2 6 4 3 5 1
-35 7 6 2 5 1 4 7 3
41 6 6 5 1 3 2 4
-14 5 2 1 3 5 4
-70 6 3 4 5 1 2 6
-61 3 1 2 3
9
0 4 3 1 2 4
-40 2 1 2
69 7 6 7 4 2 5 1 3
34 7 7 1 2 5 6 3 4
-52 4 3 2 4 1
-89 8 4 8 6 5 2 7 3 1
-32 2 1 2
-95 3 2 3 1
-83 3 3 1 2
8
0 3 2 3 1
-79 5 2 5 1 4 3
-12 7 6 4 5 2 1 3 7
-99 4 1 2 3 4
-55 5 1 2 4 3 5
-100 7 5 1 3 2 4 7 6
87 4 3 1 4 2
17 4 1 3 2 4
3
0 2 1 2
-62 1 1
12 2 2 1
3
0 1 1
-87 3 1 2 3
7 3 1 2 3
4
0 4 2 1 4 3
30 1 1
34 3 1 2 3
44 2 1 2
7
0 6 6 2 5 4 1 3
-44 1 1
-64 7 4 2 3 6 1 7 5
-65 2 1 2
52 5 3 2 1 4 5
-55 5 4 2 5 3 1
-68 4 2 3 4 1
6
0 3 2 3 1
68 2 2 1
-22 5 2 3 4 1 5
40 3 1 2 3
72 6 5 3 2 6 1 4
-20 5 4 1 3 5 2
4
0 2 2 1
-29 3 2 3 1
44 1 1
-10 1 1
7
0 3 3 1 2
-41 7 3 2 1 4 6 7 5
-15 2 2 1
-53 5 3 2 5 4 1
63 4 1 4 2 3
-77 2 2 1
-89 4 1 4 2 3
4
0 2 2 1
12 3 3 1 2
-20 3 2 1 3
99 4 3 1 2 4
10
0 10 3 10 1 2 4 9 8 6 5 7
81 1 1
-55 9 4 8 6 5 2 9 3 7 1
-60 8 2 8 6 4 1 5 7 3
26 3 2 3 1
9 9 6 7 1 2 3 4 9 5 8
-15 4 1 2 4 3
56 1 1
1 10 7 1 9 5 10 3 6 4 8 2
-41 3 1 3 2
9
0 8 2 7 6 3 5 1 8 4
67 1 1
58 4 4 1 2 3
-9 4 3 1 2 4
-14 3 1 3 2
-47 9 8 4 7 5 3 2 1 9 6
-2 1 1
-43 4 2 3 4 1
-50 7 2 5 7 3 4 1 6
3
0 1 1
89 3 2 1 3
79 3 1 3 2
8
0 6 6 3 4 1 5 2
89 4 1 4 2 3
11 7 2 3 6 7 4 5 1
35 4 4 1 2 3
-16 7 4 6 3 2 7 1 5
3 1 1
24 1 1
15 5 2 5 1 4 3
2
0 1 1
-57 2 1 2
10
0 9 8 2 5 9 4 3 7 1 6
-92 10 6 8 5 3 9 10 4 1 7 2
-47 7 2 5 6 1 4 3 7
95 3 2 3 1
62 6 3 6 1 5 4 2
84 4 1 2 4 3
-23 5 2 1 4 5 3
6 1 1
43 5 2 1 3 4 5
-61 6 1 6 5 3 2 4
10
0 1 1
75 9 6 5 3 4 1 8 2 7 9
99 5 4 5 2 3 1
-39 10 3 1 9 10 4 8 7 2 6 5
43 8 3 8 7 1 5 2 6 4
-70 6 3 6 5 4 2 1
-24 8 2 5 1 8 6 7 4 3
-38 1 1
-95 8 8 2 7 3 5 6 4 1
77 7 6 4 3 5 1 2 7
7
0 3 3 1 2
65 2 2 1
-95 1 1
63 5 5 3 2 1 4
47 7 4 6 3 5 7 2 1
94 3 3 2 1
-21 7 5 6 7 1 2 4 3
5
0 4 2 4 3 1
48 4 3 2 1 4
-34 2 2 1
30 1 1
-93 5 2 4 5 3 1
3
0 1 1
22 3 3 1 2
-2 3 1 2 3
9
0 2 1 2
48 9 7 3 6 2 4 9 5 1 8
-51 2 2 1
-55 8 2 5 3 7 6 1 8 4
28 4 2 4 1 3
11 9 9 5 3 6 8 2 1 4 7
88 3 2 1 3
-41 9 4 8 7 9 3 1 6 2 5
2 2 2 1
6
0 1 1
43 2 2 1
-83 3 3 2 1
-79 3 1 2 3
-61 1 1
-34 6 6 2 1 4 3 5
9
0 5 4 2 5 1 3
-27 1 1
-10 2 2 1
-55 6 5 4 6 3 1 2
-25 5 5 3 4 2 1
65 5 2 1 3 5 4
-13 3 1 2 3
16 2 2 1
-82 8 4 3 5 1 6 7 2 8
2
0 2 1 2
-55 2 1 2
8
0 4 3 1 4 2
75 6 4 1 2 6 5 3
-24 6 2 4 6 1 5 3
53 5 3 4 2 1 5
53 5 5 4 3 1 2
-15 5 5 3 1 2 4
30 5 3 1 5 2 4
-52 4 3 1 4 2
2
0 2 2 1
-90 2 1 2
8
0 5 3 2 4 5 1
-27 6 3 1 6 5 2 4
74 3 2 1 3
47 6 6 1 2 4 3 5
74 5 1 3 5 2 4
-21 5 2 3 4 1 5
87 5 4 5 1 2 3
74 8 4 5 8 3 6 1 2 7
2
0 2 2 1
-49 2 2 1
2
0 2 1 2
-67 2 2 1
4
0 4 3 1 4 2
-20 3 3 1 2
3 3 1 2 3
15 3 3 2 1
3
0 1 1
47 3 2 1 3
37 1 1
2
0 2 1 2
-44 1 1
5
0 4 4 1 2 3
-81 3 3 1 2
-78 3 1 3 2
72 2 2 1
-59 1 1
2
0 2 2 1
51 2 2 1
7
0 1 1
46 1 1
65 6 4 5 6 2 1 3
-86 7 6 3 1 2 7 5 4
54 2 2 1
22 2 2 1
65 3 2 3 1
3
0 1 1
37 2 2 1
54 3 2 1 3
2
0 1 1
43 1 1
4
0 2 1 2
-40 1 1
-9 3 2 1 3
55 2 1 2
5
0 1 1
-13 4 4 2 1 3
-44 1 1
99 3 1 2 3
34 4 1 3 2 4
4
0 3 2 1 3
12 1 1
67 2 1 2
-75 4 4 2 3 1
8
0 5 3 1 4 5 2
31 7 1 3 2 7 6 4 5
-86 1 1
-17 1 1
-98 1 1
79 8 3 4 6 7 2 5 8 1
-48 1 1
35 7 7 4 5 2 1 6 3
7
0 5 3 5 2 1 4
-12 6 5 6 3 2 4 1
34 4 2 3 1 4
41 6 4 1 2 5 6 3
33 4 2 3 4 1
51 5 3 5 4 2 1
-13 4 3 2 1 4
8
0 4 1 2 4 3
-91 1 1
-6 6 3 5 6 1 2 4
79 4 3 2 1 4
-60 8 5 7 3 1 8 4 2 6
30 4 4 2 3 1
68 8 8 5 3 4 7 6 2 1
67 6 1 6 5 3 4 2
5
0 1 1
31 3 2 3 1
-2 2 1 2
93 5 4 3 5 1 2
78 1 1
2
0 2 1 2
63 1 1
6
0 2 1 2
-53 4 4 3 1 2
17 2 1 2
98 1 1
-58 1 1
98 5 3 1 5 2 4
10
0 7 5 4 6 7 3 2 1
19 2 2 1
8 8 6 5 8 4 7 3 2 1
-7 10 5 10 7 3 8 4 6 9 1 2
-27 4 1 2 4 3
-82 9 8 2 3 7 6 1 9 4 5
28 5 4 1 3 2 5
-39 2 2 1
-47 4 1 4 2 3
-57 7 1 4 6 7 5 2 3
10
0 1 1
-24 4 4 2 1 3
97 10 8 4 3 1 10 7 6 9 2 5
-32 4 1 4 2 3
85 6 2 3 6 5 1 4
-33 1 1
-1 9 6 9 3 4 1 2 8 7 5
-99 7 3 7 1 6 2 4 5
-50 4 3 4 2 1
-21 5 4 3 5 1 2
4
0 4 2 4 3 1
-84 2 1 2
-33 2 2 1
-15 3 2 1 3
7
0 1 1
40 1 1
-87 1 1
45 3 2 3 1
-30 2 1 2
-42 7 6 7 3 4 2 5 1
23 3 2 3 1
4
0 3 3 2 1
-52 3 2 1 3
-67 1 1
4 2 2 1
6
0 4 4 2 1 3
29 1 1
-48 2 1 2
-21 2 2 1
21 1 1
61 5 2 1 5 3 4
8
0 4 4 3 1 2
46 1 1
42 2 1 2
-63 6 1 2 6 3 4 5
-23 6 2 1 5 3 6 4
-11 2 2 1
98 2 2 1
89 7 5 7 4 3 1 2 6
4
0 4 4 3 2 1
80 2 2 1
65 3 2 1 3
50 2 2 1
9
0 3 3 1 2
29 6 4 3 5 6 1 2
45 6 3 2 6 5 1 4
-32 2 2 1
-74 1 1
-15 3 1 2 3
-78 9 6 8 1 9 4 5 3 2 7
-97 1 1
58 3 1 2 3
4
0 3 2 1 3
30 3 2 1 3
-64 3 1 2 3
-80 2 2 1
2
0 2 1 2
40 2 1 2
10
0 7 5 6 3 1 4 2 7
34 1 1
-63 7 1 2 4 3 5 7 6
85 10 2 3 8 9 7 6 1 10 5 4
-5 9 5 6 9 7 4 1 3 8 2
-95 1 1
21 2 2 1
-96 10 6 3 5 4 8 10 2 9 1 7
-92 5 2 4 1 3 5
-86 5 3 5 1 2 4
6
0 4 2 1 4 3
1 6 5 6 3 4 2 1
-46 6 6 1 4 2 5 3
63 2 2 1
-24 5 1 4 3 2 5
79 6 2 5 4 3 1 6
7
0 3 3 2 1
-79 3 2 1 3
61 5 5 4 3 1 2
-37 1 1
44 6 3 4 6 2 5 1
0 6 6 4 1 3 2 5
33 5 4 1 5 3 2
4
0 4 4 3 1 2
56 2 2 1
-74 1 1
34 1 1
3
0 1 1
26 1 1
-87 1 1
10
0 7 4 5 1 7 3 6 2
-59 5 4 5 1 2 3
-71 5 2 4 3 5 1
-29 4 2 4 3 1
-74 3 2 1 3
-88 9 8 1 9 4 3 5 6 7 2
57 5 3 2 4 1 5
46 9 1 3 8 5 6 9 4 7 2
83 2 1 2
-38 2 2 1
10
0 7 4 6 2 1 7 3 5
74 10 1 9 3 5 10 6 2 8 7 4
-95 2 1 2
-61 6 5 1 2 6 4 3
-95 3 2 3 1
29 3 2 1 3
-71 2 2 1
72 5 5 2 4 1 3
-11 10 3 5 4 6 2 7 10 1 9 8
-66 10 3 4 6 2 8 5 1 7 9 10
6
0 1 1
23 1 1
-46 6 5 2 1 6 3 4
34 3 3 2 1
-47 3 3 2 1
72 4 4 3 2 1
9
0 9 5 6 4 8 1 2 9 7 3
43 8 6 4 2 5 3 1 7 8
23 9 2 3 1 8 7 6 9 5 4
60 3 2 3 1
-12 3 1 3 2
-26 6 6 3 2 4 5 1
-18 7 1 4 5 6 3 7 2
93 8 8 1 7 6 4 5 3 2
71 4 2 4 3 1
4
0 1 1
67 4 2 4 1 3
-88 1 1
79 3 2 3 1
6
0 1 1
48 5 1 3 5 2 4
7 6 4 1 2 5 3 6
-57 2 1 2
32 4 4 1 2 3
61 6 2 5 6 4 1 3
9
0 1 1
41 4 1 3 4 2
-56 7 5 6 7 1 4 2 3
88 4 4 1 3 2
58 1 1
2 6 5 4 1 3 6 2
-91 3 1 2 3
-66 1 1
56 7 7 3 6 5 1 2 4
5
0 1 1
-34 3 1 2 3
30 3 2 3 1
-10 3 3 1 2
60 4 3 1 2 4
10
0 1 1
95 1 1
49 6 6 1 2 3 5 4
-90 6 5 3 2 1 6 4
13 9 2 6 3 5 7 9 1 8 4
-65 4 4 2 3 1
-60 9 1 9 5 8 4 2 7 6 3
-80 2 2 1
-44 5 4 5 1 2 3
27 4 4 3 1 2
8
0 4 4 3 1 2
1 3 2 1 3
-12 5 3 5 4 1 2
64 3 1 2 3
37 6 5 2 1 4 3 6
-34 7 2 5 7 4 1 6 3
-63 7 6 3 7 4 5 1 2
-12 6 5 6 4 3 1 2
10
0 3 2 3 1
37 1 1
-69 4 4 3 2 1
68 9 4 3 2 1 9 5 6 8 7
22 4 1 2 4 3
-89 8 8 6 1 3 5 7 4 2
-62 6 2 1 5 6 4 3
80 4 3 4 2 1
55 10 7 10 4 6 2 9 5 1 3 8
12 7 4 2 1 7 6 5 3
4
0 2 1 2
-11 3 1 2 3
21 2 1 2
-71 1 1
10
0 8 4 2 6 8 1 7 5 3
-48 6 6 2 4 5 3 1
66 3 1 3 2
-100 9 3 4 8 5 9 6 7 1 2
49 7 5 6 1 3 7 4 2
7 8 8 2 6 3 7 4 5 1
-97 1 1
73 7 1 4 7 3 6 2 5
95 6 4 5 6 2 1 3
53 5 5 4 1 3 2
4
0 1 1
94 4 1 4 2 3
-39 4 3 4 1 2
43 4 1 3 2 4
4
0 4 4 3 1 2
-63 1 1
-58 1 1
-11 4 3 2 4 1
2
0 1 1
0 2 1 2
2
0 1 1
-72 2 2 1
4
0 4 4 2 1 3
-69 4 4 2 1 3
4 3 3 1 2
92 1 1
2
0 2 2 1
-29 1 1
10
0 10 9 10 8 5 2 4 3 1 6 7
-79 7 3 7 1 6 4 5 2
-62 4 2 1 4 3
19 7 5 4 7 3 6 2 1
-72 6 1 2 6 4 5 3
92 4 4 1 2 3
-78 5 1 4 3 5 2
-47 6 3 2 4 1 6 5
0 3 3 2 1
-22 8 1 4 2 6 5 3 7 8
8
0 7 3 2 7 1 4 6 5
85 5 1 3 2 4 5
-28 6 5 1 6 3 4 2
63 8 8 1 3 5 6 7 4 2
83 6 1 6 2 5 3 4
21 2 1 2
82 6 5 4 3 6 2 1
4 5 3 5 4 1 2
10
0 1 1
49 10 3 6 2 8 1 10 4 7 5 9
59 10 7 1 10 9 4 3 6 2 8 5
2 1 1
-19 9 1 4 9 6 7 3 5 8 2
-13 9 8 3 9 7 4 5 6 2 1
77 9 4 5 9 6 8 1 3 7 2
-95 3 1 3 2
39 7 6 2 4 1 3 5 7
4 2 2 1
6
0 3 1 2 3
-7 2 2 1
51 6 5 1 6 3 2 4
-17 2 1 2
-25 3 2 1 3
-78 1 1
8
0 3 2 1 3
-92 6 3 2 6 4 5 1
58 3 1 2 3
-93 3 1 2 3
-94 1 1
35 6 3 2 4 6 5 1
51 5 3 1 2 4 5
46 5 3 4 1 5 2
2
0 1 1
-16 2 1 2
3
0 2 2 1
-30 3 1 3 2
17 1 1
8
0 2 1 2
96 5 4 2 3 1 5
73 6 4 3 6 5 2 1
-53 7 2 6 5 4 3 7 1
32 2 2 1
27 6 1 5 6 4 3 2
48 2 2 1
38 4 3 4 2 1
3
0 2 2 1
-3 3 2 1 3
-87 1 1
10
0 3 3 2 1
-51 9 1 8 3 9 4 5 7 6 2
66 1 1
-59 4 2 3 1 4
86 2 1 2
38 10 8 3 10 1 5 4 2 6 7 9
3 7 5 3 1 7 4 6 2
-98 2 2 1
46 9 2 9 5 7 3 1 8 4 6
34 5 1 4 2 5 3
4
0 1 1
-61 2 1 2
-2 2 2 1
-96 3 2 1 3
2
0 1 1
59 2 1 2
3
0 1 1
11 1 1
-44 2 2 1
4
0 2 1 2
-37 2 1 2
-18 4 2 3 1 4
68 3 1 3 2
3
0 2 1 2
71 1 1
98 3 1 3 2
9
0 7 2 6 1 7 5 3 4
-87 6 2 3 1 4 5 6
6 7 6 3 5 7 4 2 1
-91 9 3 2 6 1 9 7 8 5 4
-73 5 2 4 1 3 5
-21 2 2 1
-15 9 7 2 8 5 9 1 4 6 3
33 7 3 4 5 6 2 1 7
-4 8 3 8 6 7 4 1 5 2
4
0 4 3 1 2 4
64 1 1
59 4 2 1 3 4
-11 2 1 2
7
0 7 5 1 6 2 4 3 7
-51 2 2 1
-54 7 3 1 4 7 2 6 5
85 2 2 1
-81 6 2 6 5 1 3 4
81 3 3 1 2
43 2 2 1
6
0 2 2 1
81 2 1 2
-41 5 5 2 4 1 3
9 4 1 3 4 2
-65 1 1
73 5 4 1 3 5 2
4
0 1 1
-31 3 1 2 3
7 3 2 3 1
-62 1 1
5
0 5 3 5 4 2 1
-87 3 3 2 1
5 4 4 2 3 1
-89 5 2 1 4 3 5
-3 5 1 2 5 4 3
4
0 3 2 3 1
90 4 3 1 2 4
-77 2 2 1
44 1 1
6
0 4 4 2 3 1
99 5 2 4 1 5 3
5 1 1
50 6 1 3 2 5 4 6
-65 2 1 2
58 4 2 1 3 4
8
0 4 1 2 3 4
53 6 1 5 3 4 2 6
-50 6 5 3 1 4 6 2
99 6 4 3 5 1 2 6
45 8 8 5 2 3 6 4 7 1
64 5 4 3 5 1 2
7 4 2 1 3 4
-56 4 3 2 1 4
6
0 4 4 2 3 1
86 2 1 2
3 3 1 3 2
-94 3 1 2 3
99 2 1 2
26 2 2 1
9
0 9 3 1 8 9 4 6 7 5 2
40 2 2 1
6 2 2 1
-50 3 3 2 1
-66 8 1 3 5 2 6 4 7 8
6 5 2 3 1 4 5
-46 3 1 2 3
70 2 1 2
-54 8 1 7 8 3 6 2 5 4
9
0 4 4 2 1 3
88 1 1
-16 9 5 1 4 6 3 7 2 8 9
-56 4 4 2 3 1
-3 7 6 4 1 3 5 2 7
-26 5 5 3 4 1 2
-66 2 2 1
-26 4 4 2 3 1
30 1 1
7
0 2 2 1
16 7 5 6 3 1 4 7 2
-65 4 4 3 1 2
-73 4 2 3 4 1
-20 4 3 2 1 4
-92 1 1
-37 1 1
7
0 4 4 2 1 3
-40 2 1 2
-74 5 1 3 4 2 5
59 7 3 4 5 6 2 1 7
-10 6 2 5 4 1 3 6
-54 6 2 4 6 1 5 3
-24 4 4 1 2 3
9
0 6 1 5 6 2 4 3
-11 3 2 3 1
91 3 1 3 2
36 4 3 2 4 1
61 9 6 4 8 5 3 9 1 7 2
-50 4 1 4 2 3
-23 1 1
-32 3 2 3 1
19 9 3 7 6 8 9 1 4 2 5
9
0 8 1 2 8 5 3 7 4 6
37 1 1
-52 1 1
16 9 5 7 1 2 9 8 3 4 6
96 8 3 1 7 6 5 4 2 8
17 1 1
-98 8 4 8 7 3 1 6 5 2
-75 2 2 1
-70 8 2 4 7 1 6 8 3 5
6
0 6 1 5 3 4 6 2
-92 6 2 6 5 3 4 1
-55 6 3 1 2 5 4 6
-78 5 3 4 1 5 2
-68 3 3 1 2
63 4 4 2 1 3
8
0 8 3 8 1 7 5 2 6 4
64 1 1
38 5 1 5 3 2 4
29 2 2 1
36 7 7 5 6 4 3 2 1
58 1 1
64 6 1 6 5 3 4 2
-67 5 4 5 1 2 3
9
0 3 2 1 3
57 1 1
24 7 3 6 4 1 5 7 2
7 8 2 1 4 6 7 5 8 3
-50 3 2 1 3
-21 5 2 4 5 1 3
-76 2 1 2
-44 8 5 6 7 2 3 1 8 4
-68 6 6 1 4 5 3 2
3
0 1 1
7 3 2 1 3
-22 1 1
9
0 1 1
-86 6 5 2 4 3 1 6
56 8 1 6 4 5 2 3 8 7
34 5 5 4 1 2 3
-92 6 2 5 3 4 1 6
86 7 4 6 7 5 1 2 3
87 9 5 4 3 8 2 7 9 1 6
82 4 3 4 2 1
48 9 2 3 1 9 5 8 6 4 7
9
0 5 3 5 4 1 2
-24 6 3 2 6 4 1 5
-91 2 1 2
89 9 6 3 1 2 4 8 7 9 5
-39 5 2 5 4 1 3
-82 3 3 1 2
-98 3 2 1 3
22 8 3 4 2 6 7 5 8 1
-26 5 2 1 3 5 4
10
0 10 3 10 1 2 8 4 7 6 9 5
18 5 4 1 3 5 2
61 10 5 10 6 1 2 8 7 3 4 9
-16 10 2 5 7 10 4 6 1 8 9 3
-55 3 3 1 2
-16 4 2 4 1 3
-4 10 2 7 4 1 6 8 10 5 3 9
94 5 1 3 2 4 5
12 2 1 2
-12 5 3 2 5 1 4
4
0 4 3 1 4 2
-32 4 4 3 1 2
-99 3 3 1 2
34 4 1 3 4 2
4
0 1 1
-37 4 2 4 3 1
62 4 1 3 4 2
-83 3 3 2 1
7
0 1 1
10 3 1 3 2
62 3 3 1 2
35 7 4 3 1 5 6 2 7
89 3 1 2 3
7 2 1 2
-13 7 4 1 7 2 5 3 6
2
0 1 1
98 2 1 2
5
0 5 3 5 1 2 4
-13 1 1
-80 2 1 2
45 5 2 5 4 3 1
-25 4 2 4 1 3
7
0 6 5 4 3 2 1 6
-15 6 3 1 2 4 6 5
-64 2 2 1
56 5 3 2 5 1 4
-48 1 1
-100 3 1 3 2
42 7 6 4 5 7 2 1 3
2
0 2 2 1
56 2 1 2
5
0 1 1
-67 3 1 3 2
46 3 3 1 2
-45 1 1
59 1 1
3
0 3 3 2 1
-20 1 1
89 3 1 2 3
6
0 6 4 1 6 3 5 2
26 5 3 2 4 1 5
19 5 3 1 5 2 4
-94 5 2 1 3 5 4
40 4 2 3 1 4
-52 5 2 5 3 4 1
2
0 2 1 2
-46 2 1 2
9
0 9 1 6 2 3 8 5 9 4 7
-66 6 3 2 1 4 5 6
-12 1 1
-20 4 2 3 1 4
-94 4 2 4 3 1
88 9 9 2 8 7 3 6 4 1 5
84 8 8 2 1 5 4 3 7 6
-88 4 4 2 3 1
59 1 1
10
0 9 3 4 6 5 2 7 8 1 9
87 3 3 2 1
2 5 2 1 3 5 4
36 6 1 5 4 2 3 6
18 6 4 2 3 5 1 6
90 7 4 3 7 5 1 6 2
-71 10 5 2 10 8 3 7 6 4 9 1
46 9 5 8 9 4 3 2 1 6 7
43 3 2 3 1
-86 2 1 2
7
0 2 2 1
44 1 1
-28 4 1 3 2 4
18 4 4 2 1 3
-92 5 2 3 1 4 5
61 4 2 1 4 3
10 6 5 6 4 2 3 1
3
0 2 1 2
-38 3 3 1 2
29 2 2 1
5
0 2 2 1
30 3 3 1 2
-38 3 2 3 1
13 4 2 1 3 4
-92 5 4 5 1 3 2
8
0 2 2 1
97 4 3 4 2 1
-39 3 1 3 2
88 4 4 2 1 3
82 7 2 5 1 4 3 7 6
-96 3 1 3 2
81 6 1 5 2 4 3 6
49 3 1 3 2
9
0 7 2 1 4 6 5 7 3
-62 3 2 3 1
-55 7 1 7 3 4 2 6 5
-77 5 2 1 3 5 4
-29 7 6 7 2 3 5 4 1
-92 2 1 2
11 9 9 2 3 5 1 4 6 7 8
-30 8 4 1 3 8 5 6 2 7
-26 8 3 8 5 7 6 2 4 1
3
0 2 2 1
0 3 2 3 1
-88 1 1
7
0 2 2 1
-6 3 1 3 2
3 7 6 1 5 3 4 7 2
-25 3 2 1 3
62 6 5 1 4 3 6 2
11 6 1 2 5 3 4 6
74 2 2 1
6
0 5 1 5 3 4 2
-13 3 2 1 3
-32 2 1 2
19 3 3 2 1
-36 1 1
64 1 1
10
0 1 1
-43 3 1 2 3
-16 7 4 1 3 5 2 7 6
-91 3 3 1 2
54 9 2 1 9 3 5 7 8 4 6
-86 8 3 4 1 7 6 8 2 5
60 4 3 2 4 1
-93 1 1
-52 10 1 9 2 10 7 6 5 4 8 3
-19 6 4 6 1 3 5 2
5
0 3 1 2 3
-37 5 1 4 3 2 5
90 3 2 3 1
-52 4 2 4 1 3
49 5 2 1 4 5 3
5
0 4 3 4 1 2
-30 1 1
-7 1 1
40 1 1
88 5 5 3 4 2 1
7
0 4 3 2 1 4
71 6 2 3 1 5 4 6
-1 3 1 3 2
10 3 3 2 1
-100 6 5 3 1 6 4 2
0 6 1 2 3 5 4 6
42 1 1
6
0 3 3 1 2
-15 2 1 2
-45 6 4 5 6 2 3 1
39 2 1 2
96 2 2 1
99 5 1 5 2 3 4
2
0 1 1
48 1 1
3
0 2 2 1
57 2 2 1
-5 2 2 1
10
0 7 5 6 3 1 7 4 2
12 10 1 5 2 9 7 6 10 3 4 8
55 2 2 1
59 5 4 2 3 1 5
93 5 5 1 3 4 2
-56 4 4 1 3 2
-66 7 2 7 5 6 1 3 4
33 4 2 4 3 1
79 1 1
72 6 4 6 2 5 1 3
4
0 4 3 1 2 4
-66 4 4 2 3 1
70 3 3 2 1
-44 2 2 1
9
0 8 8 1 2 7 4 6 3 5
-67 8 4 5 3 1 7 8 2 6
-24 9 5 7 8 9 1 4 2 3 6
57 3 1 2 3
-49 7 1 6 7 3 5 4 2
-46 2 1 2
41 1 1
35 8 5 6 2 1 8 7 3 4
-53 5 5 2 4 1 3
3
0 2 2 1
25 1 1
31 3 1 3 2
6
0 5 4 2 5 3 1
12 1 1
-40 3 1 3 2
-21 1 1
-96 4 1 3 2 4
40 2 1 2
7
0 1 1
-43 1 1
-23 2 1 2
-86 2 2 1
16 6 5 4 1 2 3 6
20 4 4 3 2 1
7 5 5 3 1 4 2
6
0 1 1
66 5 5 1 4 2 3
66 6 1 6 4 2 3 5
-52 3 3 1 2
16 2 1 2
-58 3 1 3 2
9
0 4 2 1 3 4
38 3 2 3 1
-89 8 7 1 8 6 3 2 5 4
41 5 2 1 3 5 4
-82 7 3 6 1 7 4 2 5
36 8 6 4 1 3 8 5 7 2
-64 8 7 1 3 8 6 2 5 4
-60 1 1
-55 4 2 3 1 4
5
0 2 1 2
62 4 3 1 4 2
40 4 4 2 3 1
4 1 1
-3 3 2 1 3
5
0 5 3 5 4 2 1
64 2 2 1
81 4 3 2 1 4
79 4 2 1 3 4
98 1 1
8
0 8 1 6 8 7 2 5 3 4
39 4 4 2 1 3
39 4 3 4 2 1
8 4 3 2 1 4
-100 8 6 8 5 7 4 2 1 3
86 2 1 2
-89 6 3 1 5 2 4 6
-45 3 1 2 3
10
0 6 3 5 4 1 6 2
-62 10 8 1 4 10 9 5 3 2 7 6
24 3 3 2 1
64 6 1 3 5 4 6 2
-45 1 1
52 10 2 8 9 3 7 5 10 1 6 4
-29 10 5 7 4 3 1 9 8 10 2 6
-22 5 2 5 1 3 4
-40 1 1
-98 1 1
8
0 4 2 1 4 3
-76 8 7 4 2 3 8 5 6 1
-7 2 1 2
-15 3 2 1 3
14 1 1
17 1 1
-12 4 4 3 2 1
-35 2 2 1
10
0 8 4 7 6 5 1 3 2 8
-2 9 5 9 4 6 3 2 7 1 8
-85 2 1 2
-5 9 1 4 8 6 2 9 3 7 5
-39 5 1 5 2 3 4
13 7 2 6 3 1 7 5 4
-36 6 2 5 3 4 1 6
-31 10 5 6 8 7 3 9 2 10 1 4
-61 2 1 2
-60 5 3 5 2 4 1
3
0 1 1
34 2 1 2
91 1 1
10
0 3 2 3 1
-60 3 3 2 1
-84 7 2 4 3 7 1 5 6
-20 2 2 1
-52 7 2 5 3 6 1 7 4
-66 7 7 4 6 2 1 3 5
-86 3 2 1 3
-20 5 2 4 5 1 3
60 9 6 2 1 9 3 7 4 8 5
46 4 4 2 3 1
3
0 1 1
-24 1 1
-48 1 1
7
0 6 5 4 1 2 3 6
-50 3 1 2 3
12 5 4 3 1 2 5
51 2 2 1
-88 3 1 3 2
-25 5 3 5 1 2 4
1 5 5 3 2 4 1
8
0 8 2 3 6 1 8 7 5 4
-22 4 3 4 1 2
39 8 1 2 4 6 3 7 8 5
-44 1 1
93 4 4 2 1 3
97 1 1
27 3 3 2 1
-64 4 4 2 3 1
8
0 8 3 4 1 7 2 6 5 8
91 7 5 4 2 7 1 3 6
-64 4 1 4 3 2
97 5 3 1 4 5 2
73 1 1
-66 5 3 2 5 4 1
-81 7 2 1 5 4 7 6 3
-25 7 1 5 4 3 6 7 2
5
0 1 1
-96 1 1
-50 2 1 2
-19 1 1
-57 2 1 2
2
0 1 1
-7 1 1
2
0 1 1
-16 1 1
5
0 3 3 1 2
98 4 4 1 3 2
93 2 1 2
85 1 1
-64 1 1
8
0 4 2 3 1 4
-74 1 1
-50 1 1
-55 5 3 2 1 4 5
5 5 3 4 1 2 5
63 1 1
-10 6 6 5 4 2 1 3
-44 7 3 1 6 4 2 7 5
3
0 1 1
-53 3 3 2 1
-11 3 1 2 3
9
0 8 8 1 3 6 4 5 7 2
96 2 2 1
-92 1 1
32 7 3 2 4 6 1 5 7
-29 7 1 2 7 6 5 4 3
29 5 5 2 1 4 3
37 8 7 2 8 4 6 5 1 3
22 1 1
-82 1 1
-1