431
1 0 3445
2 0 5443
3 1 9634
4 0 9587
5 2 9905
6 2 8338
7 0 181
8 6 3344
9 6 7032
10 6 3580
11 1 2152
12 10 1517
13 8 9684
14 9 6603
15 7 312
16 0 2170
17 0 4088
18 1 5208
19 6 794
20 10 6425
21 12 7322
22 2 4933
23 17 1376
24 20 7330
25 8 9709
26 12 926
27 11 4412
28 7 4869
29 6 9671
30 1 3992
31 27 4877
32 13 7582
33 29 7895
34 18 7941
35 18 2776
36 17 2230
37 34 1386
38 11 8065
39 31 3793
40 28 113
41 32 5496
42 12 2369
43 0 5530
44 35 3629
45 24 9092
46 3 3537
47 16 7958
48 4 7278
49 21 4649
50 13 1891
51 29 1993
52 33 2817
53 36 3782
54 15 2638
55 36 6714
56 17 837
57 50 4581
58 9 426
59 23 3360
60 27 7150
61 57 6524
62 4 8412
63 8 1499
64 1 3064
65 41 8707
66 51 3375
67 37 3018
68 32 3320
69 24 3792
70 9 2750
71 46 369
72 22 4681
73 36 1144
74 32 8046
75 15 165
76 68 299
77 73 7829
78 29 2930
79 78 7807
80 48 7878
81 3 1136
82 18 4907
83 37 5524
84 5 4568
85 69 857
86 73 6450
87 33 8272
88 66 61
89 18 6994
90 67 6232
91 82 9578
92 87 8034
93 74 172
94 92 1455
95 27 6444
96 37 140
97 9 5615
98 1 5172
99 74 3920
100 25 7470
101 94 8422
102 53 9381
103 43 300
104 33 180
105 52 2173
106 60 4755
107 74 6782
108 100 5065
109 75 5528
110 7 6463
111 84 6156
112 65 2118
113 2 2103
114 101 321
115 1 4505
116 115 3964
117 100 7032
118 93 6991
119 48 1244
120 108 7347
121 55 4164
122 91 8526
123 67 8777
124 62 4992
125 77 5085
126 96 8944
127 13 6072
128 59 6760
129 118 86
130 113 4541
131 30 3475
132 122 5121
133 9 9671
134 6 8764
135 25 3305
136 96 4953
137 51 9048
138 54 1359
139 68 2395
140 41 3199
141 33 938
142 43 4335
143 71 7967
144 54 8470
145 35 8057
146 20 9457
147 126 4490
148 87 8288
149 1 6743
150 119 8771
151 108 1758
152 16 6343
153 147 8614
154 34 8988
155 113 9935
156 87 6978
157 44 3164
158 98 7822
159 87 240
160 15 6618
161 158 8618
162 155 2966
163 111 9478
164 24 104
165 159 6678
166 119 988
167 21 105
168 86 5217
169 107 8259
170 13 309
171 43 3631
172 80 6845
173 76 2991
174 34 3885
175 5 2152
176 118 8523
177 130 6613
178 8 6478
179 65 254
180 172 2778
181 160 285
182 117 4195
183 129 43
184 124 8473
185 164 6016
186 74 9813
187 137 5701
188 119 3523
189 5 5230
190 87 6635
191 37 4997
192 78 2542
193 115 1310
194 180 4739
195 62 5807
196 94 4475
197 133 7051
198 87 5192
199 67 5427
200 5 7121
201 106 2035
202 70 7141
203 123 5772
204 53 9484
205 45 7696
206 104 1572
207 74 8913
208 84 604
209 74 4983
210 16 1619
211 210 5290
212 125 6562
213 168 8703
214 89 1862
215 100 6653
216 62 9511
217 93 7263
218 184 1752
219 32 5542
220 41 1905
221 65 6686
222 164 5121
223 64 8463
224 33 1058
225 112 9493
226 37 8510
227 181 7212
228 141 667
229 114 2246
230 158 6098
231 151 718
232 102 4814
233 108 742
234 228 2324
235 58 2766
236 215 5842
237 163 5615
238 157 6759
239 214 5448
240 98 2715
241 111 4785
242 149 4792
243 208 871
244 188 9708
245 205 6277
246 87 8258
247 163 8075
248 235 9357
249 216 7256
250 107 2226
251 168 1760
252 17 5952
253 112 3433
254 149 6891
255 55 9316
256 52 5745
257 78 5164
258 215 9264
259 64 9079
260 211 8419
261 178 6427
262 199 8542
263 16 7225
264 58 6500
265 175 9142
266 125 1681
267 218 6411
268 176 7569
269 236 7612
270 222 705
271 132 1917
272 104 2903
273 152 9828
274 41 8401
275 61 7823
276 187 8474
277 7 6353
278 251 3943
279 83 1360
280 43 6711
281 189 5026
282 62 2250
283 40 4130
284 148 1828
285 182 8544
286 88 1642
287 79 7180
288 56 2871
289 188 5654
290 115 5488
291 27 317
292 14 207
293 288 3181
294 265 99
295 76 4090
296 265 6024
297 3 6443
298 257 1009
299 259 9169
300 285 2298
301 100 4943
302 178 6061
303 240 4706
304 244 9165
305 292 8331
306 135 9565
307 18 9978
308 148 3804
309 122 742
310 131 2242
311 48 2850
312 49 9517
313 81 9079
314 82 2567
315 314 2258
316 27 9824
317 234 5317
318 197 4432
319 200 4199
320 35 9296
321 210 9409
322 311 7376
323 234 8442
324 19 9919
325 99 4380
326 83 4312
327 217 8522
328 326 4859
329 161 7260
330 79 1269
331 60 7800
332 44 2871
333 94 6316
334 260 1442
335 201 2120
336 38 2807
337 290 3944
338 58 6651
339 323 565
340 72 4510
341 268 5890
342 34 3242
343 72 9795
344 338 2532
345 212 8801
346 26 3613
347 170 3988
348 168 1362
349 106 9969
350 142 4385
351 185 7139
352 12 5687
353 243 8742
354 1 1511
355 141 5374
356 251 2699
357 201 6590
358 77 3382
359 106 2085
360 89 8587
361 85 1014
362 76 1549
363 86 2945
364 304 2499
365 266 6556
366 203 6364
367 115 4837
368 36 8495
369 325 6530
370 183 7357
371 97 5039
372 266 6885
373 92 7823
374 92 3883
375 188 982
376 267 8100
377 373 972
378 280 1721
379 284 8837
380 170 2371
381 366 4831
382 80 6328
383 129 3804
384 99 2160
385 131 1556
386 246 7163
387 18 4065
388 276 1879
389 137 4381
390 44 8961
391 298 6879
392 63 8626
393 185 6481
394 10 6900
395 24 8573
396 267 4714
397 280 2059
398 352 4963
399 45 1852
400 359 2038
401 40 3072
402 304 4227
403 62 2588
404 165 1969
405 194 5547
406 17 9155
407 168 3610
408 156 7996
409 301 4149
410 264 2545
411 77 302
412 58 7168
413 121 7050
414 365 308
415 79 6670
416 198 6176
417 381 9761
418 152 1855
419 156 1564
420 68 3815
421 250 4983
422 219 4615
423 351 9097
424 389 7907
425 7 3884
426 10 2171
427 15 7733
428 173 2457
429 274 179
430 163 6906
394
885032
950766
792939
353202
371816
121185
601338
132455
70644
739726
621345
426100
895173
366928
522345
977797
773024
512617
316770
445394
597399
676310
456022
624971
607432
873930
52361
384458
410325
15155
869732
605412
353682
975067
72991
931393
622584
876721
344108
620977
542719
851644
371777
684823
588638
457343
383398
796649
581841
904960
160663
751763
717415
840308
965793
255819
714731
757376
686522
182081
262664
579193
336042
753132
798260
107319
352355
366781
940346
783558
782007
754336
907723
788505
135294
697009
503975
867453
148386
632767
503819
391323
443975
273927
666638
815520
627846
199437
501625
687231
858145
833276
938559
616856
933560
212298
876638
345241
500562
833432
493631
342503
395371
291920
143964
975284
262054
901129
937758
951603
388
433232
591735
737600
658324
683349
189494
146273
159558
652606
890898
116623
771869
997508
200949
70391
498139
706086
189963
758143
999689
907603
649721
943286
110783
18564
438455
639304
320847
961859
5409
958317
660631
385353
687303
689185
224464
981922
670236
961610
626791
748571
1061
87655
934031
448899
813071
147934
812155
39844
481843
474595
515536
237012
315366
636246
105266
618149
388867
480157
251990
416462
806222
137752
883641
172146
752474
98543
547045
847615
494758
538897
553125
553933
417713
58628
650662
898365
730051
205451
594766
414416
596296
148403
939116
10267
992567
335122
297636
464736
585881
636725
187871
538482
321109
702600
98973
969531
373310
609096
224668
768168
412656
642958
655978
447390
184744
558372
808811
560146
2936
190612
483612
881887
308236
417211
914908
608008
187626
301761
10838
149176
117280
497018
825342
914703
106215
964175
646216
617635
253043
823310
171559
742025
753895
748575
977664
662654
689960
868698
719294
364506
795991
286752
60382
665477
673360
340715
839552
245191
343162
554550
613304
632655
461240
987139
398088
640490
647880
234899
293245
438854
259115
186698
842266
519787
415446
506349
637986
325106
598373
811497
657379
43021
634154
503653
315740
998498
440407
673393
499390
550801
707892
428115
552023
585855
778847
676279
955274
950491
176712
420980
60133
97935
506357
989222
269898
500290
500613
728639
491069
53509
338742
872771
90058
506831
249049
605334
569977
621809
421615
141248
547956
280495
843354
587607
918970
767169
756280
540650
135466
429525
70689
121064
978650
298854
599307
647445
674472
65425
129006
507
855111
240387
933682
195230
326108
252820
80122
339878
421876
285532
902812
995111
307305
808255
40104
756141
373595
78122
405572
259911
147255
197668
720101
476315
694446
22741
579234
337587
805514
672200
837581
3771
600897
929299
964739
345827
363924
325547
798427
497836
513772
741009
383779
661318
165427
778041
197968
376841
656006
601239
368064
252562
11
1 0 5783
2 0 9902
3 1 4809
4 0 6247
5 4 8348
6 2 5791
7 2 4303
8 6 9519
9 1 432
10 2 2557
32
336965
689729
673054
533463
706741
388994
38898
952264
798283
473312
509806
921364
157410
340045
806195
976191
500734
644803
38197
824704
218312
661497
703778
88649
526101
853641
62634
394006
196985
709105
567976
760066
301
1 0 207
2 0 4288
3 1 8721
4 0 5897
5 0 6923
6 3 1684
7 5 4581
8 5 2642
9 4 5724
10 5 4633
11 1 3591
12 8 1966
13 12 4754
14 0 1426
15 12 9362
16 11 2571
17 12 7523
18 3 33
19 8 470
20 1 2823
21 16 320
22 16 7363
23 7 5268
24 9 8766
25 12 8746
26 17 8712
27 14 8989
28 12 9930
29 15 5268
30 20 6644
31 2 8103
32 6 2197
33 32 7248
34 12 6546
35 11 7778
36 28 4278
37 17 800
38 37 2719
39 0 9915
40 39 7078
41 12 2293
42 4 6398
43 40 4518
44 2 8242
45 10 2917
46 20 562
47 3 5682
48 35 1002
49 20 488
50 9 4894
51 15 3894
52 32 9355
53 49 332
54 44 5096
55 37 9585
56 38 2213
57 28 6113
58 4 3497
59 31 6357
60 23 5454
61 56 9402
62 58 9607
63 60 2600
64 61 5661
65 3 8932
66 47 9450
67 9 8559
68 51 3340
69 52 8433
70 40 8449
71 55 8499
72 67 3971
73 72 1422
74 65 5183
75 33 3699
76 75 6678
77 38 174
78 23 2682
79 21 1509
80 63 5740
81 75 679
82 28 134
83 22 820
84 17 113
85 15 8389
86 73 3546
87 16 915
88 35 7419
89 10 874
90 36 3746
91 81 9522
92 48 4903
93 7 3182
94 32 8372
95 16 1801
96 8 5623
97 93 8008
98 5 1687
99 34 2865
100 24 218
101 76 6763
102 26 7508
103 29 7208
104 16 1668
105 57 1677
106 90 5214
107 61 5402
108 76 2192
109 31 2230
110 95 2461
111 69 7679
112 91 7935
113 59 478
114 111 1775
115 52 1512
116 31 5534
117 62 3992
118 55 1272
119 98 8681
120 24 3079
121 8 9204
122 51 221
123 110 9095
124 15 726
125 114 3330
126 60 7385
127 66 3400
128 104 1394
129 114 5389
130 50 915
131 111 4477
132 122 2094
133 17 9907
134 3 3180
135 57 7223
136 58 7826
137 77 8288
138 124 5420
139 112 9137
140 35 2637
141 139 5294
142 6 8156
143 119 3612
144 126 8128
145 116 2282
146 53 120
147 58 1471
148 51 2388
149 3 3733
150 3 9427
151 51 4705
152 26 5124
153 117 8298
154 132 5115
155 87 4301
156 33 6412
157 22 5665
158 143 565
159 67 8198
160 11 3722
161 113 2908
162 59 471
163 4 4939
164 129 9387
165 26 3130
166 100 4328
167 81 1114
168 109 5113
169 14 6266
170 150 9117
171 148 2559
172 34 357
173 146 9140
174 158 9695
175 92 9227
176 41 5760
177 32 2322
178 74 6416
179 82 8275
180 43 7040
181 88 982
182 54 9951
183 81 2573
184 30 1461
185 125 8094
186 180 6154
187 93 6392
188 127 8569
189 175 7845
190 0 176
191 167 5536
192 118 3965
193 173 9498
194 134 6890
195 50 7054
196 102 1029
197 182 2564
198 93 6389
199 151 9952
200 79 6580
201 168 1797
202 136 6563
203 145 8660
204 71 5217
205 109 6573
206 75 4387
207 175 9133
208 199 6822
209 47 7120
210 184 5757
211 155 7100
212 147 2989
213 178 3503
214 198 9719
215 38 3747
216 11 8453
217 28 6965
218 15 3740
219 47 4150
220 157 8166
221 117 4576
222 123 7576
223 222 2256
224 177 2850
225 133 4195
226 216 8326
227 10 4987
228 199 5070
229 133 1586
230 96 8823
231 220 1995
232 40 295
233 100 5947
234 157 2437
235 3 3567
236 159 2158
237 33 7511
238 140 7555
239 226 1564
240 143 2433
241 171 8851
242 171 3783
243 46 1070
244 144 7625
245 74 8563
246 104 9707
247 229 5220
248 32 1113
249 211 7818
250 4 7841
251 226 6163
252 180 4347
253 110 1790
254 233 7708
255 25 5240
256 32 4462
257 162 6676
258 257 8095
259 59 7856
260 129 8427
261 29 3235
262 24 1563
263 140 4182
264 124 426
265 119 8297
266 183 5818
267 126 7255
268 236 4983
269 214 690
270 256 1756
271 198 5541
272 107 2402
273 146 3955
274 228 9110
275 206 8074
276 76 3421
277 176 1419
278 26 7478
279 167 236
280 244 4958
281 155 3898
282 271 4615
283 178 9327
284 33 5728
285 218 12
286 84 32
287 16 4620
288 85 3089
289 12 9173
290 234 6181
291 128 7007
292 178 2630
293 104 8031
294 168 2729
295 257 4772
296 215 8671
297 48 7867
298 261 4609
299 33 8493
300 103 24
196
350920
916418
339195
719095
482999
26289
547604
626744
505693
918823
681493
749127
565079
25979
248002
722784
598455
342767
540880
526909
742941
607558
355002
830023
26868
877564
256291
125623
748355
712824
817051
942085
857516
868387
562017
793372
831359
371098
301330
887601
191833
541724
498055
219996
392401
269467
824812
105954
924061
156703
875821
715124
444400
857245
80249
742440
942231
505475
43071
162035
276619
772544
430921
579988
442820
646882
882967
152229
133393
984343
47639
875489
787476
887934
442547
937622
78320
382158
758192
805887
901009
140292
500029
897195
584427
72014
911588
649184
353316
146992
411071
193013
326244
908883
910922
491407
166041
755513
82121
961944
771650
410347
880102
163978
114782
40157
211015
953963
662340
28838
175885
871663
566855
794563
988562
36793
187019
691750
22874
427380
577229
62724
943856
581893
419883
31026
135318
901681
530858
444793
871502
311864
678802
578267
671513
809622
569183
593557
537259
994149
371604
734308
35836
479257
945180
562057
316021
886640
842115
882431
829883
958604
709694
537951
879647
293043
934164
268610
134032
964631
509754
691314
457947
743642
154763
812454
342664
890914
42971
735678
293005
822822
504453
268861
983551
825184
713500
222848
293812
137392
30927
338722
38127
991784
657950
760067
93168
313525
871858
836471
626992
280226
773418
948494
398773
196308
90
1 0 9500
2 1 2560
3 2 3914
4 1 8512
5 0 3956
6 2 5490
7 6 8580
8 5 2520
9 4 4993
10 1 5698
11 10 4542
12 1 7297
13 4 9749
14 11 992
15 8 5504
16 11 2447
17 9 7017
18 11 9741
19 4 567
20 15 1154
21 9 7985
22 3 6914
23 12 4508
24 6 135
25 5 6482
26 15 2706
27 8 6870
28 22 8146
29 4 9522
30 18 7766
31 5 524
32 5 2069
33 14 2858
34 11 8822
35 17 98
36 5 7766
37 17 1819
38 11 2596
39 19 1171
40 0 4831
41 6 4838
42 3 3817
43 14 9678
44 40 1108
45 41 2029
46 43 9613
47 7 5149
48 12 6668
49 45 3423
50 2 7360
51 33 1883
52 22 7499
53 21 7169
54 26 5600
55 23 9978
56 47 5052
57 3 8655
58 41 747
59 7 9558
60 40 3613
61 4 6588
62 41 1084
63 41 8209
64 18 7248
65 7 1150
66 27 637
67 50 6190
68 59 3827
69 36 3483
70 4 9324
71 70 4022
72 21 4401
73 70 1997
74 63 5908
75 30 5253
76 16 6654
77 53 6996
78 49 8255
79 53 6552
80 57 8692
81 40 2431
82 72 2800
83 36 8966
84 30 7858
85 18 9774
86 25 1327
87 61 2391
88 14 8792
89 52 3115
38
280186
873280
410699
609322
874538
679609
48232
918967
515098
657517
97254
374337
989719
602125
932810
983041
959604
359266
451472
350315
665978
849302
16933
249009
282515
145280
60768
189294
190519
706624
619641
800438
340595
932874
461041
933404
762371
988502
410
1 0 1583
2 0 4513
3 1 7000
4 1 8597
5 4 3735
6 2 8842
7 2 3305
8 5 3493
9 7 7772
10 5 2176
11 1 6677
12 4 7265
13 6 7024
14 10 2352
15 6 9094
16 13 9871
17 0 1635
18 17 3337
19 5 9475
20 4 3654
21 8 4969
22 2 3807
23 15 4802
24 11 7534
25 20 5735
26 4 2371
27 14 5872
28 27 2067
29 9 9575
30 8 2266
31 23 5740
32 9 2536
33 28 3826
34 32 5350
35 2 7405
36 8 9588
37 3 2391
38 19 2957
39 22 326
40 0 4137
41 2 8095
42 36 7623
43 22 1806
44 41 2591
45 6 4236
46 10 3522
47 27 9058
48 35 1978
49 41 8159
50 38 4260
51 3 289
52 50 6980
53 47 7714
54 13 3530
55 30 437
56 42 2854
57 27 5382
58 52 9601
59 21 7207
60 14 2791
61 8 3010
62 18 9149
63 33 9762
64 56 3170
65 9 5715
66 38 3962
67 66 7352
68 47 1357
69 22 7941
70 47 8606
71 54 8550
72 18 1141
73 47 2779
74 31 6539
75 42 9034
76 25 8257
77 55 6084
78 0 7788
79 40 9615
80 9 3857
81 29 1839
82 41 8310
83 32 614
84 43 1870
85 7 3963
86 9 280
87 43 1787
88 83 4455
89 34 8732
90 45 1293
91 11 5616
92 11 6312
93 69 7805
94 85 4557
95 82 8150
96 20 3969
97 29 5485
98 17 9139
99 30 3866
100 97 2842
101 40 9623
102 38 8435
103 46 5289
104 51 6735
105 4 9229
106 10 7304
107 106 659
108 86 508
109 82 3620
110 5 5816
111 34 5672
112 31 340
113 17 3275
114 86 7350
115 22 8145
116 85 213
117 90 4752
118 36 9589
119 64 7508
120 119 9627
121 94 5158
122 76 4143
123 51 9074
124 116 1271
125 100 1969
126 8 5673
127 40 1465
128 127 4822
129 114 695
130 89 3194
131 23 8593
132 4 9756
133 32 4254
134 16 8252
135 46 71
136 3 3082
137 9 2072
138 76 2636
139 8 4214
140 22 1455
141 98 7660
142 18 3544
143 139 3589
144 29 7983
145 12 1969
146 60 5130
147 51 4388
148 85 1670
149 85 6731
150 116 6747
151 23 8029
152 71 1621
153 150 8996
154 96 1391
155 124 9986
156 7 7482
157 54 9186
158 91 4566
159 67 2028
160 130 6772
161 159 2153
162 45 2550
163 95 7569
164 94 7389
165 94 5334
166 70 1111
167 99 1773
168 58 583
169 90 8255
170 122 3430
171 33 8060
172 136 4863
173 39 7955
174 60 521
175 76 5122
176 91 9400
177 117 7560
178 6 8301
179 8 9759
180 56 6583
181 38 7637
182 70 4092
183 101 9516
184 12 5316
185 84 2338
186 51 503
187 94 7499
188 114 4145
189 110 9207
190 32 9517
191 61 9882
192 87 3282
193 33 4457
194 59 4680
195 153 4104
196 132 3298
197 115 3256
198 102 2992
199 101 7862
200 171 6866
201 80 5721
202 51 4090
203 128 9025
204 56 903
205 65 5858
206 201 9265
207 128 9431
208 89 3355
209 112 4181
210 35 8081
211 184 1928
212 135 7743
213 203 2693
214 36 4278
215 178 2243
216 96 691
217 131 5022
218 157 8744
219 32 7229
220 184 6145
221 67 2388
222 200 9144
223 222 4720
224 31 9407
225 40 1523
226 175 6708
227 22 9720
228 17 2632
229 15 5941
230 163 2615
231 136 492
232 195 4611
233 221 7886
234 143 6072
235 69 8914
236 217 7831
237 41 9024
238 34 7955
239 203 81
240 0 4500
241 73 5266
242 0 1948
243 222 2528
244 152 2441
245 30 9274
246 85 884
247 58 2120
248 165 5773
249 82 422
250 9 8373
251 10 8147
252 131 5755
253 164 5253
254 157 5537
255 254 9978
256 99 2736
257 23 4195
258 69 5931
259 37 5246
260 231 31
261 224 178
262 152 8981
263 188 2473
264 15 7872
265 260 810
266 30 4412
267 30 6161
268 140 144
269 163 6322
270 224 7620
271 77 8468
272 228 8777
273 154 9230
274 118 411
275 126 3034
276 107 9930
277 42 1906
278 99 3550
279 32 3069
280 10 4296
281 155 1349
282 13 9575
283 132 7946
284 93 3195
285 146 3552
286 102 6441
287 167 2628
288 222 5326
289 2 4522
290 73 6127
291 161 2068
292 76 3522
293 182 1067
294 285 8203
295 160 7367
296 267 9802
297 175 1939
298 267 9135
299 124 5018
300 163 6311
301 274 3462
302 273 6880
303 277 6045
304 276 5057
305 165 4907
306 183 647
307 30 5390
308 238 391
309 11 1318
310 156 310
311 209 4138
312 241 1079
313 2 7861
314 166 5728
315 288 477
316 84 4204
317 128 2202
318 312 5269
319 248 760
320 191 6537
321 171 6865
322 3 9430
323 316 1916
324 12 2144
325 130 6205
326 80 83
327 175 3112
328 40 2883
329 17 7028
330 129 7160
331 155 8153
332 284 6370
333 326 701
334 56 2737
335 186 1790
336 142 1985
337 137 1451
338 54 5456
339 5 1719
340 100 6967
341 146 4405
342 58 4956
343 222 2255
344 234 2057
345 60 3995
346 194 2233
347 100 1200
348 315 8457
349 63 3262
350 102 9928
351 304 5133
352 158 2019
353 118 6736
354 222 9709
355 177 1951
356 265 9787
357 23 891
358 337 3328
359 7 6985
360 169 8533
361 246 1936
362 53 7289
363 126 3440
364 7 9507
365 362 9443
366 42 4721
367 98 3252
368 225 1115
369 182 9091
370 42 5477
371 232 8467
372 155 2829
373 100 91
374 311 4931
375 212 7387
376 246 2043
377 334 1789
378 233 9106
379 205 5236
380 95 8734
381 335 7611
382 261 8507
383 34 4985
384 334 6539
385 94 5154
386 342 9139
387 256 6519
388 358 1545
389 238 2139
390 58 9315
391 200 1080
392 355 4446
393 35 4853
394 116 5342
395 17 7981
396 159 4809
397 304 3854
398 277 3531
399 343 7448
400 84 8436
401 384 8569
402 173 8164
403 231 4694
404 195 465
405 222 1847
406 114 728
407 329 9327
408 66 5166
409 318 6702
244
817422
3945
570770
578581
800203
884140
802208
394118
514529
124577
616304
550936
391676
845426
269933
490802
434146
522023
34648
382439
987001
74359
318634
223161
374173
840541
879421
386276
43775
383259
72456
273394
5902
463421
867400
125864
952478
451387
391153
545714
422530
3200
715525
985909
926612
856185
386588
603506
665220
99109
939990
115961
457127
725522
585371
586761
559650
845332
66534
89080
178928
518600
505259
70083
573941
171728
571356
648978
898978
254203
34826
910340
88164
503356
943096
401246
648429
874755
475877
742158
733317
193931
75457
775322
51037
468735
254074
642436
376441
605670
881424
113855
450452
301743
115313
478315
315621
371512
955292
943869
986756
782733
330780
554786
720486
251647
489779
425902
944425
803515
843501
469223
970015
508051
26494
315578
303489
554807
113201
102695
879231
351050
832679
578612
544261
757286
340255
288238
252306
977715
752622
307489
495750
341847
588045
660892
865604
184529
636310
105519
273536
818404
669174
46744
875810
947780
274835
286920
671752
529224
663246
297455
84728
758193
184958
32006
133647
148326
664177
377560
12121
210119
23395
887517
199179
249571
475322
449968
301036
282633
762989
257587
325929
622935
701453
232949
205497
991077
200995
801113
810344
396747
487566
288106
104427
676199
574116
933991
465645
446878
472537
317278
322837
279431
857761
225049
878138
703457
239819
429203
947097
570920
818428
134471
740973
788462
846666
838868
944187
793986
741124
135861
455596
543053
559910
193864
463182
126982
754610
700862
601629
239939
501190
945064
581590
949093
729571
793135
954637
153412
277476
290249
676579
105187
699625
637277
560674
300429
672828
59714
694731
221765
948233
572572
0