2856
363
28286
13666
13777
12156
1978
3861
4720
1674
1948
2033
11275
10697
779
1
3946
144
810
7984
2157
13809
7743
1132
6240
353
13705
11444
6564
247
4131
13120
5116
8321
7670
2412
6013
25
7111
66
1
1681
2325
2561
4817
14177
2325
9328
407
5574
685
16363
5896
6501
9787
6270
4670
10090
10641
7353
20368
2387
932
289
6576
136
3024
3696
21250
705
23680
12004
5859
6100
9184
15007
15315
3248
5789
4351
3961
5105
1944
64
1583
5520
27250
18879
201
166
25569
19942
18108
1152
669
7674
1037
8409
6705
16856
1144
7680
9636
1906
8257
7461
369
1338
1
5671
1819
1695
6267
19281
22710
9881
2215
10225
11899
1989
20707
18377
15740
24336
5307
26510
6441
1703
4721
15513
778
467
10955
10228
722
6202
3030
10627
625
1330
5157
1508
7744
6115
20702
1337
17944
15774
400
9143
17201
26659
3160
11164
8281
13755
7551
1635
3936
386
8275
12454
1391
10592
2371
10745
137
167
5508
20937
6196
880
4036
4549
8659
13180
2664
11240
2477
19793
2209
23605
1756
7896
5179
944
13645
6930
12833
15660
3407
11188
483
19804
9094
1886
638
5531
7363
683
11986
9926
3284
8484
3595
616
19171
6193
6045
3438
2698
7785
5968
4069
1216
7210
2533
3260
2640
18686
6427
25796
14006
11823
2357
2977
11441
6582
7285
25777
15530
19785
13
5706
8317
866
12632
556
1701
4381
3891
8289
896
6841
1849
384
5753
4927
7635
11052
6733
5263
810
1776
1870
11607
7222
2632
19728
5459
17055
7264
505
1192
17281
12771
1996
3637
660
23
3241
2272
27116
10099
2417
1
3104
13276
2019
12466
1149
6065
3220
24281
9081
19781
1136
983
14067
9009
6337
22400
9996
6517
7905
280
7349
9160
4159
11647
14839
3527
114
15730
2604
188
81
13912
14444
16281
6463
7024
11945
1082
3025
7012
11709
1549
530
4903
3925
5920
31
1051
28953
8480
15067
14828
16045
13984
2689
99
11012
651
1709
6269
1170
8756
5991
961
11025
19036
22608
4513
19801
11286
1464
2056
19308
1072
2815
9574
1035
40
7840
1046
5188
18770
553
10156
16960
8399
0
22626
2021
464
274
16176
1087
181
6448
412
10465
2034
94
6151
653
5041
658
9112
5845
6039
12658
5228
891
7368
22936
508
11151
24299
23139
14276
6994
21906
6226
12865
8185
26452
4057
8131
5350
23004
13084
1524
6190
8198
13192
13910
960
2960
2128
6315
8652
13996
5521
194
5175
4016
2345
20251
3229
16000
2529
1573
3051
343
16060
14260
1499
10305
13451
9169
2263
7284
27944
4731
75
8238
8774
9290
5901
12699
16630
22
7767
11728
26612
3148
8019
6695
18591
8899
19608
5285
215
18988
2512
3872
22559
12921
818
28060
2542
17276
4959
4141
22250
8575
21536
2965
19079
6484
2503
9720
3564
6880
2960
1661
12614
17242
21776
24537
11122
13033
16960
10986
7021
3136
9027
19220
15715
22410
16542
29232
432
469
14254
18161
8233
14705
18244
8584
28353
4563
11287
763
1117
21033
65
10609
176
3879
728
2472
2529
695
4096
3414
1926
4386
8186
2872
6580
1812
7385
4198
555
5692
4627
4482
1888
3809
18472
869
7536
2504
1369
20114
7583
9628
1051
1199
13965
702
11854
6611
2333
11829
3660
8372
1745
3696
1304
1539
16409
27738
6747
3769
8295
17159
10833
616
2160
16856
1996
14120
5733
7453
2478
21029
3337
13252
81
5033
11284
15147
4544
4501
18161
10199
18378
17312
3833
5133
4473
5805
8592
11901
17893
5635
2900
5975
2432
9154
2513
5725
2801
5830
3001
2744
534
16349
271
21873
14336
20356
17234
14084
13603
5510
3061
2419
18225
4311
5148
292
5413
11040
13161
14296
1399
9276
21071
8037
2939
2924
8167
13665
2271
2700
4120
1285
8081
3664
16845
26783
8586
1224
426
5905
5397
1998
449
6474
1663
6793
1002
5002
3406
11430
17569
2781
1212
30678
4473
5373
888
6592
2993
2631
11472
15141
7424
8110
9117
10467
9696
31600
2305
2376
4027
403
729
9885
0
8611
832
8
24633
5239
3484
2177
26027
8942
2232
2068
7774
4007
16369
4254
4964
2521
1303
4004
8477
1482
6679
6561
10477
244
6728
7120
1554
4116
12261
2685
11495
18678
729
6004
2004
4375
6028
25384
3901
7616
1335
3691
196
28317
12668
4732
2008
3442
3602
17091
10486
4282
5721
9092
15010
12382
1720
5361
20337
24089
14162
169
1719
1794
520
6631
1764
6216
9381
3976
3306
6148
13346
12509
1652
3496
10935
3800
1369
25344
958
16187
12646
9485
2277
1837
184
1283
4096
7036
3033
7354
8340
169
2401
465
4186
4264
11518
6081
9256
764
4048
3552
15788
17641
1602
8447
5986
16671
8089
28315
5399
14152
1903
13936
15844
9639
24112
30806
2397
3231
18355
5043
11788
28029
16315
22221
21757
14049
236
24466
12038
4208
6994
7105
16274
132
1639
361
459
1849
22001
7239
9328
24194
889
7886
17757
691
306
8920
10351
9859
8240
7947
6033
7995
5449
1475
2849
9402
28161
1380
14096
105
421
7351
10461
20617
2100
0
29674
15775
13189
6605
870
3965
12555
1041
15746
199
12239
10925
304
44
9572
2169
20005
7370
5807
13721
6720
5649
1859
961
15459
169
3452
58
8968
846
4499
0
2728
2672
1971
3426
4756
4739
25749
55
11912
3917
15796
15488
2440
489
9153
5593
6226
10403
12409
5678
9921
1098
4901
3267
5760
1257
6
4572
10682
3494
6294
5634
880
7402
7808
15387
12429
892
1183
856
951
1324
2404
4509
10276
3257
8194
6983
856
5625
12883
12032
14880
5237
5283
26984
23222
17551
2563
1103
1296
4428
21299
1075
6101
13140
14961
3403
550
6254
1847
6664
1741
97
9088
3827
1244
707
11776
340
6276
7033
4448
4785
15036
621
1478
81
12258
1195
11101
8094
3348
7016
2493
17264
738
8708
220
1764
3632
15547
19845
3753
2790
390
4018
5545
10542
9454
1783
1185
19448
3339
1734
9240
7467
8298
18920
20886
7971
8228
12444
12486
164
9739
3665
20138
26221
1435
15776
9748
1700
27
555
783
5489
1822
5349
8967
569
1184
13396
18519
14633
659
22942
16336
10222
5981
3133
6451
7204
6633
2175
7107
1164
323
846
744
13193
659
11530
6915
2073
4315
5655
9886
309
19747
12238
15952
1104
9312
6837
12857
21184
7873
17280
201
2919
26321
2863
1901
676
2449
6857
5769
2598
25336
5359
4698
3535
3397
15066
4096
16945
22122
12754
1269
2457
3985
886
227
4197
3940
14389
4052
71
5885
5184
721
55
23846
5604
4214
8194
9322
7616
3874
15484
6337
3305
6039
4456
21595
25889
4678
16693
7690
12772
3334
5712
5530
4891
8389
5634
19905
828
7047
7873
2860
4399
2955
11363
10075
12471
11407
196
13492
2022
4051
750
14492
790
23993
9843
2956
2237
8925
15238
6386
568
10733
5171
1612
7617
196
12236
11616
3122
4412
8561
1660
2544
743
23206
2559
22294
4355
2823
1984
508
400
8865
5645
20786
6885
11335
9381
6014
4132
3496
865
5994
18417
18316
1037
5998
24767
3861
4951
7169
1646
282
6473
4438
3590
627
7821
6024
3689
10567
5519
3028
3911
3208
258
701
24576
1505
2317
13443
1688
2176
665
1600
1008
2786
420
159
25662
5225
967
170
5856
1
9179
4294
6960
973
2924
6046
4745
6889
6130
5829
1
788
3627
8178
12790
133
5084
17213
18711
21
19803
19202
1040
12684
13195
425
28449
15713
11585
10193
14139
60
5701
7398
1696
1475
12100
1104
9808
1960
8965
5454
11328
15140
18392
1827
7272
6634
4436
5041
4460
16464
784
12573
13619
5323
711
12517
21700
2077
21487
1211
17599
6995
5040
5663
348
15636
9016
24200
6676
1207
1360
3904
312
19983
13769
5436
8877
5344
232
2107
4135
3136
9020
7101
852
6161
11413
400
13683
93
1459
891
5851
738
9184
9529
4565
11979
2592
3839
9248
20752
8246
6904
4891
3787
2420
11502
15119
319
4631
4743
15850
1954
6064
4229
6048
20624
11024
14049
11890
2594
14544
1954
16632
2400
5951
625
8043
7202
5620
489
19900
1128
5426
14656
803
4067
5061
2766
1071
2016
3442
16453
11699
8808
435
9426
2883
0
2134
13209
814
3664
5833
1948
16449
5853
4800
5794
20195
11505
3646
23243
5950
3906
4467
640
3720
7657
20329
5712
427
991
2800
8661
14296
8879
44
21676
8623
7459
10967
2214
4234
4285
3931
5984
3719
5752
26620
9078
924
20629
10150
9146
729
11971
7396
4896
4224
9198
8733
2479
1174
11447
18029
10478
2256
10693
11656
1528
10727
15299
9634
10544
1963
23115
2519
19120
1900
2874
14893
1144
2310
514
4320
15008
4726
1056
11655
3161
2960
9914
8403
1610
12100
10850
14406
1946
22231
4885
657
12309
5431
5778
4933
8082
17593
19106
25573
1939
25337
18723
3368
25985
8017
2268
13366
16875
4733
1511
1702
3590
10784
1
880
6171
535
4900
12465
16109
8883
4457
7368
10439
15792
5937
6362
12528
14101
16399
6126
10794
3307
471
8518
5608
26055
11196
6659
14416
1563
3313
1109
5
7676
22469
354
9856
6593
1225
2452
8904
400
13811
12868
5017
3598
2519
15621
21818
554
9832
16894
13635
11024
6789
2303
13257
4875
17404
9840
3182
22930
20248
5302
7415
1449
15169
2307
8876
24483
24191
3201
3363
11559
13320
11015
22816
11403
12972
18
55
10622
15578
522
832
11883
12475
8264
5059
120
4640
4591
6864
28196
24396
2863
25785
8713
4614
18869
4428
2146
1863
816
10174
18211
11551
6859
4993
8192
9213
4752
20944
7141
10008
1384
121
3413
5441
2461
6209
2214
19120
12610
430
5552
1421
289
6797
103
2803
18569
7215
10007
20992
3679
297
11382
2797
5950
9020
240
15653
11251
18296
15526
460
3707
112
403
8064
2241
8053
6492
19594
364
461
12205
15394
2200
18306
3045
2958
10404
1498
710
3291
11285
7174
88
1416
3963
3912
1751
23292
2864
11641
12123
523
11345
4377
2616
18630
9087
13540
25848
7961
1696
8794
8121
544
1613
1628
4159
4651
14631
16597
29241
2495
1058
16416
24289
964
16085
2594
12423
3879
2464
661
21280
20483
8388
5407
64
13414
6825
8764
54
2536
11790
7551
12205
20857
1966
6534
7189
269
7744
21837
26434
3775
3590
9633
10050
944
8475
4884
4292
1722
3863
18478
12594
19552
6987
7184
10260
18560
18448
13586
3157
15994
704
23633
13333
7841
2320
11911
18745
9567
15056
5356
3969
5132
2737
5584
9025
783
296
1849
12820
2873
8624
627
19961
9059
6949
8322
483
1000
21680
6840
908
10321
25841
15200
23432
2936
4889
14877
333
4129
4097
5916
1326
17574
20258
22694
6320
2791
24205
8413
1018
14593
2653
10246
4579
776
1330
18817
9553
8633
3984
14501
1212
2395
12525
6663
1521
25912
29995
12583
11367
14297
16123
18567
5071
807
2617
6488
728
4759
11734
8075
1517
1857
11910
6909
4826
8406
1615
79
1441
2587
12100
231
9025
5181
731
3132
924
8768
115
11377
1042
1920
14290
1831
921
459
17760
1624
12400
7600
10568
20050
6970
9140
1140
5608
4696
315
5008
18152
30100
21610
6112
3207
6569
1644
11193
24878
996
1229
7453
24744
11869
20004
3136
8656
1086
10634
5329
7329
3291
9471
3005
3029
10843
147
2954
26551
20023
2232
6365
2800
433
1617
4744
9280
14530
7447
11995
22986
7940
8991
9818
71
975
3573
8590
12385
311
1521
2326
841
13312
855
4289
6917
6277
2157
7996
7493
476
2949
15610
9079
2799
3274
308
19327
19265
4681
1531
12063
20905
18116
18916
6790
7072
661
10444
6847
14545
2787
455
14780
210
1
19020
2672
0
4030
4464
12111
21580
3430
911
5608
337
22819
10056
7687
18599
4763
359
3031
3311
18694
11168
12692
8527
12781
900
2502
164
12852
6946
13660
3811
2031
5844
120
175
20031
11790
13392
7436
2403
1356
266
1545
15406
1877
5409
1624
3887
3892
8598
13231
152
444
18090
6601
6051
3832
16810
841
616
2221
4224
19899
5009
3182
16132
11065
2009
1451
2365
22892
3829
13574
30000
1204
11301
10765
25434
2224
4383
7793
1336
2727
6886
23531
706
3881
9466
15661
15571
2999
19059
3301
1723
13401
1
8856
9261
9989
2550
9257
3178
280
4624
3679
4400
136
4841
7376
5207
13326
10151
14488
1538
5760
271
1
7531
1189
5003
5701
0
13678
19043
13418
26017
97
568
1
2633
4
4395
3574
5448
1539
25288
15654
615
2766
13455
1588
729
436
2604
15654
14562
3916
6983
5551
2961
538
1
1925
431
4576
10796
6360
1171
17870
18292
19702
15618
6089
1505
10638
13284
18001
25361
1187
1894
2525
14866
200
356
15402
1331
505
13321
1218
2551
2421
5370
7640
9045
23035
18989
19799
10410
7278
10658
13564
5455
8913
6534
14542
1800
660
572
18617
2557
19921
3418
6082
13298
9999
4394
10305
4369
7910
2753
4990
5182
5191
17881
12536
17251
7243
19236
4779
464
5951
16307
187
15814
3116
925
13425
2950
2471
26313
1012
9588
16245
2603
1590
2686
4377
9758
283
108
7256
6489
4740
11023
9696
2198
9592
24556
21043
17651
15327
18691
4723
1514
924
3388
1015
5716
1482
5390
12265
2971
23589
3071
7209
10176
17433
2185
14296
921
1161
18206
12394
10939
4058
7637
22976
1964
16291
1951
9339
5344
3629
3565
150
12761
874
11224
13770
19093
956
503
27936
7169
3663
2917
2744
8598
1621
253
19290
6308
17140
13843
2637
10549
945
4083
13113
14215
330
6571
17037
358
1800
2612
10848
4068
7672
5674
10374
18440
14176
325
5860
21833
851
3681
414
2138
5368
174
9154
2062
791
15950
661
11985
5625
6191
2590
3612
14923
13862
12566
3954
4008
2424
8344
2066
8006
2730
474
6659
5496
4649
2461
4146
9132
227
11325
1312
2849
17669
4131
3257
2712
514
15025
1378
12309
23782
9916
19020
15130
2135
4
6784
5359
4736
24546
9187
10677
7713
17557
5762
9740
8449
28560
2229
18329
4712
10770
24185
8407
1125
4705
3945
1421
17216
13891
7826
671
2576
963
12755
3992
7177
2401
807
3872
2354
11740
2141
4835
17739
729
21391
3518
8758
13600
972
4864
7830
12351
8824
11480
11367
22120
10504
2928
1085
1497
189
4494
1056
2504
28176
11407
10153
3017
5321
1699
135
19719
16160
18055
3272
2321
5929
420
7980
233
29380
958
3449
11264
7134
8664
7560
11923
20370
1132
19091
5025
18788
15382
24107
14868
8001
21492
81
8955
3836
24997
3508
5878
1476
2880
17660
3926
2091
7595
22222
129
8568
8834
24697
729
16541
1495
10191
1647
2403
2610
81
5986
1333
3240
4022
1732
4869
18901
11159
18434
9047
3520
6292
88
29472
883
625
9017
16277
13669
8281
95
20943
1031
10648
5700
5319
9931
6769
5568
2816
8910
2260
392
577
14719
24954
311
14959
2069
7372
2503
9071
16576
13762
4668
12755
294
12258
4827
22747
1793
3379
1024
4130
1817
10984
1463
6168
8715
12368
5065
24595
121
3941
29761
2060
4092
7400
861
30468
6123
6906
19369
3145
64
3782
7633
64
20488
16128
6180
2434
1356
1602
10293
7441
2329
8625
7306
1122
50
13620
4785
30224
7096
5190
13864
4691
4922
25031
533
1
22150
2191
16371
14476
3389
15778
75
20392
26684
14048
5535
8059
4095
6668
23821
11505
3760
2741
17358
6448
272
6168
7216
8124
2067
770
2633
17590
27224
10103
21506
1
1984
524
2211
8730
17048
29571
1792
7678
234
13844
1156
9282
29219
27310
18968
1789
1432
3259
505
9219
288
19408
10753
11013
7225
27800
8267
9781
9514
1241
2562
442
3928
8682
16086
10748
9056
8638
4456
2248
6106
16344
13055
4096
1231
2815
6062
6571
2587
4301
335
169
822
2253
9317
11109
1072
1840
16785
6539
8838
2721
9922
3583
14104
2140
881
19998
3481
6619
1561
3688
15275
1150
115
8315
13486
14283
884
1827
8668
7585
8308
25417
7976
10685
22216
12257
6896
8024
1702
5776
2696
21670
7135
19736
14444
13357
1220
12158
4774
3851
4232
4402
22063
13734
6221
2245
14583
15411
4779
818
6354
17945
3787
8056
19228
2269
17690
15861
19881
2359
16098
3223
14200
2662
41
3841
13795
1295
2312
187
3385
3075
17434
6864
11243
2079
1077
28243
41
1121
328
2445
7136
1244
713
10636
3924
5919
8200
384
6014
1104
369
17611
10217
14301
3744
18216
2524
3430
2792
12493
7905
4704
660
16641
3736
17780
20424
12204
2080
12639
2769
8643
13600
2201
785
13584
25275
12293
6377
2739
5636
609
880
1660
662
7655
176
6983
3892
1807
14903
14592
14366
3989
2978
13511
725
12101
15799
691
14231
31791
560
14778
9231
4357
807
26012
246
9595
1247
1217
12186
6613
27863
1993
3444
4099
4317
12175
15765
6620
1953
4342
4784
14019
176
15553
6238
33
3252
4107
18806
602
4237
2072
2127
4860
9574
22185
14791
3600
12825
3601
29950
2293
17379
356
3265
982
6415
1681
15268
303
19224
2324
6936
7161
3062
6973
248
3254
7129
353
964
2860
8625
19166
5538
616
15060
7784
10182
3892
2459
2411
2113
4975
11694
20521
1841
6495
17370
13312
4331
11709
414
9276
13580
20750
2661
9626
3460
11005
2447
8301
7280
346
29891
14106
2074
12609
6660
19687
5454
7919
19753
4447
14656
12568
8877
278
2392
10352
13111
2704
4928
395
2895
1950
814
3597
1113
320
5063
1860
6410
10011
129
198
18712
8029
3625
739
3775
14598
1089
19400
6016
10396
2749
13517
11712
6711
4947
1650
10664
2278
16064
2648
5954
12609
12535
1568
16
2957
20431
1968
341
13361
18997
36
93
2223
9832
4657
21182
24662
3922
8250
18634
4445
4291
2101
4883
10000
3633
1895
3824
7315
3004
1168
2116
25785
74
7628
26853
9148
17388
1411
217
3459
6896
6947
12128
18901
1194
961
6522
3025
9126
702
12537
4104
5333
5077
4952
969
961
3817
4616
10321
3675
2700
7734
9843
17344
15705
1358
1831
3844
17399
2291
7095
2739
7985
4329
3847
15962
4293
6673
2131
5768
1846
2866
5016
18554
18608
3010
15288
17041
1165
5504
6260
4581
24277
7536
872
13753
1063
392
9
2925
14445
13454
14365
7807
10239
20628
26758
9819
631
13633
5850
22138
5293
9146
4108
1991
7315
20795
5923
494
23400
9108
11085
4532
18121
12648
8951
7893
6475
30025
10177
8655
11785
1798
3725
17422
1218
7884
6055
6584
14892
3198
3134
265
4726
1608
25460
12511
1605
9110
3744
497
1516
1106
5300
6489
3769
1758
4509
245
21640
5452
7712
4168
3093
3383
2114
6733
18599
3444
8401
2565
4465
7552
1267
699
12512
15093
2575
26720
13670
5061
53
1159
11635
3877
4126
15182
16181
8159
10157
4816
26094
16730
12784
1860
5498
4158
958
6609
8638
8009
21214
2539
3088
112
7843
19756
27087
1629
5392
23311
8606
452
5553
11392
14759
4101
4218
23007
7603
5869
15541
10975
3479
14016
1221
11131
3510
386
2599
1
1916
11197
6056
125
169
102
6872
4096
827
3500
4372
14240
3843
8772
9526
13718
2675
5227
4621
17886
1219
12301
13454
218
132
433
7225
27289
647
25025
9952
1125
11511
15839
496
14838
1240
2709
8805
2554
198
10625
23680
10647
30777
6096
12513
3359
4928
5968
16489
1114
12209
9444
11205
7161
15807
15949
23396
22401
3786
4383
1834
4292
13175
4379
682
3826
4246
510
400
5792
16405
16995
18392
17680
9375
6924
5666
17057
17732
6750
1
11200
12022
8644
13377
5237
18328
3911
25541
11608
13315
10160
9883
14939
421
8058
10145
18753
3529
251
2731
1297
676
15442
13624
16256
9821
7681
8971
5738
496
1630
1114
1490
19035
434
6284
477
16426
6816
17863
3052
8637
1316
14254
7108
6753
9589
17356
3862
9075
19359
5514
2989
25627
6853
3123
15214
17240
8407
3602
539
1335
12183
4380
3914
20515
22812
6890
27096
11025
6534
6957
22608
81
13326
1345
3038
1242
24085
7500
5208
4829
100
6765
17512
1790
9608
252
10845
7039
2740
863
3050
9948
4477
734
7265
4685
7336
1058
973
2458
12222
1406
10223
17055
4819
3316
7840
8456
400
6281
10899
14312
16625
15085
19017
7588
4617
30351
9424
16322
24808
16011
6862
20927
1036
3615
4374
1251
23878
11637
5440
4225
8062
12992
2104
4660
11464
802
4971
1359
2129
15617
10043
4803
7164
5348
11097
4924
11092
22660
22147
765
9063
384
8582
18877
5937
3196
2813
10720
15445
10325
9786
16397
7268
6556
4866
4090
552
3831
20168
24900
3409
851
21899
6217
1203
2760
13753
529
7567
520
3481
4950
18641
876
246
4860
5802
1939
17222
14425
10879
12185
10010
11016
7768
15402
12168
1826
4852
2127
5979
2392
5509
1026
26074
4170
5760
6983
14923
1674
6208
25516
8556
4982
9334
17251
1261
25179
4067
16873
13469
981
267
101
1346
10144
15531
15517
2441
17826
21750
5017
1049
13148
18663
6641
3888
22457
7880
15854
16384
11875
5751
2198
12377
13056
12967
8823
16555
2518
1480
1600
3975
991
4698
1045
12627
9953
3281
10188
16892
7591
3738
8808
13273
7986
24616
16921
17925
4849
539
1227
11641
5445
6384
21141
21901
1
19625
1551
17337
3496
2164
48
17645
2800
238
15175
1008
15743
20032
27685
16192
11664
16107
14159
4980
1169
12096
1227
13083
14821
28741
1226
8615
14344
5854
9946
22944
15641
9245
10850
16513
5556
25162
8348
21592
9892
13610
10376
4405
5102
3035
336
2728
19763
15909
6144
9827
4532
8011
8861
9610
15149
5813
5456
16001
359
9929
1829
7106
4581
2467
2602
972
2737
9921
550
20124
13953
1099
18856
1989
15798
3528
10651
336
2609
6112
382
15153
5395
14336
7866
4264
2565
2787
29861
22388
10397
11064
2217
3755
1710
6326
23034
5097
4014
4372
1556
14560
16015
2239
10136
2836
3627
6238
4587
1
2971
829
8354
1357
7978
3671
19683
4668
5323
4391
11670
1107
5290
1341
26828
16576
12501
9291
778
6404
10718
2211
7969
2592
9137
23431
5645
6649
17377
24644
14265
11492
1121
15588
3456
8496
4875
11744
1163
6768
14464
4743
888
2481
2988
14717
14903
1156
15296
22336
0
17642
23961
10701
5885
26086
11659
13466
6445
5643
7285
7892
159
6897
40
10459
8973
5303
16095
82
417
9193
17104
19844
12609
1813
1858
2610
4510
7646
1815
13399
2336
9585
7547
2220
9516
440
15516
10899
4554
14207
19067
20640
21914
1984
3792
1163
3109
7411
10193
961
11794
4752
9394
4368
17561
7668
3079
6681
6432
19926
5885
14066
336
380
1052
6824
13180
4225
232
919
873
1009
18631
18269
14268
1824
4117
10764
5753
3907
4315
5796
3847
13256
5811
22747
1615
13838
15926
2451
5809
8397
4945
13249
6805
737
10746
5231
9664
10368
20750
24529
0
756
6075
1131
7150
1353
16219
4176
16825
947
12429
5152
7118
3384
1200
7806
25842
31353
16
8940
343
16707
450
8347
19434
8541
100
29737
30527
8701
9440
14357
19458
3550
9427
25422
4628
3277
990
11402
20973
10368
1828
258
18969
6724
1309
2087
3144
628
17584
3340
5795
8282
12765
5625
4822
3946
1240
18424
12346
11235
8004
36
28988
25551
17068
547
12124
5412
5249
15779
2835
32050
476
14291
9439
7482
4140
17761
19747
3746
7991
11016
4750
15845
10689
12389
4045
0
16167
9940
2009
8176
18516
19153
9878
3142
8526
15152
22764
28007
4235
5517
7744
10191
25524
24149
4209
9900
5825
9072
10824
19331
2713
7488
8642
4761
638
6160
11449
16454
193
10982
4013
3973
13801
6668
448
8524
1591
9881
25486
6419
18023
9916
9088
1681
5182
2977
10033
6114
23391
4493
4706
262
9849
2081
12556
20211
1158
697
3123
168
19392
134
18447
1383
12815
15585
12448
9236
15153
8698
24636
3821
20507
12390
24638
3615
1057
10557
9823
2401
1225
1076
22097
23623
10213
5779
10549
8470
2215
4096
162
16765
6499
8268
707
13281
1252
1597
2304
6766
956
661
2627
10278
3287
5293
6052
9886
6631
4983
6946
8649
20719
4339
3072
24226
20154
20965
16096
3061
2333
200
10336
1327
2410
3111
11
6043
4096
23629
3476
12056
904
7261
2464
5366
23434
12260
19436
1
3331
22849
6359
907
3681
23470
2185
5741
8649
99
1356
15244
105
7884
20482
1112
19291
194
2993
18423
12328
22427
1353
12976
14512
2241
1812
2172
10180
9993
14691
701
12768
3541
1748
7447
12264
10935
12972
14848
1065
6727
2348
4792
3106
5812
1625
10733
5767
3626
15483
1517
16096
9407
215
19958
6049
19889
6298
14407
1349
13079
822
7214
11152
4103
1126
728
4546
14626
4036
18261
16521
12933
2976
7561
86
10621
22653
1320
356
10886
466
12816
1028
12353
23059
5929
4019
721
5329
16465
9504
14760
16456
31980
5712
3955
20305
12515
16359
8850
404
17376
5041
10628
14710
1225
1624
18598
3789
1016
1553
16002
8026
22638
8836
14707
19317
6840
180
18922
1963
1516
3975
3552
11221
3129
3753
25
252
21599
1415
13329
8983
8919
8100
1600
22684
19033
9025
10232
12242
1336
1172
9136
11645
5662
8744
6741
6071
10769
6357
13083
12969
1247
11451
655
5417
4807
16645
430
9043
15559
2197
3617
9564
8306
18696
9905
8283
16917
5185
14614
32
2328
16861
562
9888
15567
24259
5076
11105
17415
3449
8141
10048
20
20980
2732
24699
16861
420
9081
22874
6487
2311
8852
222
9372
15894
4012
14862
2452
5181
9459
30145
15494
17474
946
3488
5178
5489
1
315
4396
18842
12885
18192
7795
4373
25400
5699
8206
21453
10584
1392
4624
3438
312
18269
5260
6873
20706
6856
8775
8696
8027
8865
8041
6891
315
10670
6565
1198
5031
11392
22635
19465
1
14734
8051
3952
16396
2561
8785
2164
13323
1432
5409
12081
13990
3432
687
2625
12
24753
2637
12402
15890
12296
3853
6151
4960
2032
2704
5154
10117
1970
9798
9440
5671
7130
3631
4510
2398
20719
2326
649
5560
1264
12036
5469
4312
10896
8194
9776
18922
3993
465
3781
13778
5830
19091
14620
26401
4025
6
18727
5841
10571
9238
18621
25863
16727
799
8626
6073
5760
1862
4280
17552
13033
21446
8498
6901
361
545
2320
25717
2866
2125
5665
664
9474
1306
10279
26176
4004
891
9374
6336
676
3104
5629
2783
18817
7183
1434
15895
12338
1362
13374
12994
5460
18668
165
5979
10404
16455
17091
1568
4121
1905
5722
276
6672
2961
4623
2592
5884
9992
126
10696
229
9379
16681
10656
6895
11670
15807
1
1056
29222
12268
2596
5889
2985
337
18123
1035
9947
13844
25939
9952
21949
14436
23968
9984
2304
10959
2269
3663
2974
2495
9361
13833
20267
455
9477
5257
13624
21533
784
6049
13710
20832
1022
16864
17935
1
4698
22452
1411
20497
3048
588
25157
10251
16954
14176
5104
16035
10066
21168
417
28224
26042
6649
3332
10006
11452
31347
3773
8247
2941
5015
23011
23375
17223
12307
3907
2192
1779
4475
13670
1302
7985
1534
29831
6145
9800
150
3781
1589
19012
228
10618
10702
12816
6722
1938
4516
4384
4667
22719
3613
11347
1323
3763
2024
3409
19368
900
5503
7499
14970
22525
8996
2240
23706
4864
13896
696
3478
16795
196
1585
2276
3088
1728
17582
18849
3224
20298
12210
13007
21561
6436
5211
40
15201
44
13063
12536
6416
6604
7299
12864
284
4757
12211
10503
3753
19733
1326
72
9205
12577
5428
10261
17300
16993
15280
11712
1
4492
16871
13707
2320
70
15191
1024
3302
205
6969
10108
1348
17476
7177
8448
16640
19639
1341
17361
5207
17393
11043
17244
7386
5135
1667
11394
6853
10341
9000
15549
4016
12883
757
16849
6982
15337
9593
3124
218
15632
1737
618
941
21260
1776
11936
4468
6716
4096
27369
15866
8759
28561
13752
7270
6575
13093
12160
11188
29217
3642
8546
15955
10325
1510
5318
2004
4094
20286
4299
95
15398
1096
12847
8784
11761
5834
5569
20727
1358
26209
5476
10248
13171
13542
23373
2174
2474
22144
4923
1041
18522
484
15793
1714
17380
2870
2255
15805
8847
3983
8574
531
5869
140
5858
6241
8178
27399
6097
1243
12059
4917
5053
12986
93
16968
982
7796
7454
245
1744
437
171
11225
18588
1958
8723
24793
3024
4396
5510
7596
12672
13201
2986
12551
19912
8072
16705
6044
2029
826
651
15799
1027
20775
9904
766
21061
24400
2331
29443
8233
19221
14012
19328
39
6574
13984
5535
10439
17212
1170
14958
5751
14939
16543
560
1
486
4616
15115
3382
1674
1151
7742
4621
4177
14024
7831
9376
3466
5575
20161
5388
231
23451
5625
162
17161
1029
1870
13375
9728
6075
2276
22873
17836
15277
14704
3840
13643
634
10431
656
7921
10086
4258
1280
3861
1683
10230
7450
5168
432
14138
23283
20320
6027
3326
23233
1517
12672
17089
20960
8376
102
6592
729
6795
197
10807
11306
4488
9745
1807
333
26920
222
3284
2809
5105
1392
10461
13813
3504
17439
10533
11288
4863
26777
4689
14153
10273
112
4908
16466
25
1137
12947
18276
7413
34
2560
1696
5320
4723
22846
8644
28397
18437
1781
3243
1200
1166
324
1
4824
26056
7176
18547
2305
21881
13024
6743
3648
6724
5320
7407
10335
21198
5838
20016
8183
2305
3850
3870
1329
19999
7137
856
1093
3364
5651
5319
622
7201
96
8885
18821
22079
13336
2545
7173
9935
1778
7056
24032
29284
5706
6999
115
4096
575
18416
22201
1521
1442
12062
11376
3428
9344
12053
6246
7051
5281
793
1536
278
1767
5384
12469
9773
28039
7477
23385
6435
17893
26256
11571
26121
6715
4057
20019
14866
2916
17097
26063
19828
10162
1
19084
1408
6004
535
1917
11840
25125
1041
14451
556
3877
102
261
9817
2785
15034
10726
884
15967
4047
9010
2392
10399
2710
18184
2255
3873
11712
2446
11946
8279
1565
1582
2269
902
3881
16695
2058
3818
1313
2256
18250
871
3032
6685
4151
1942
5727
3844
16473
380
9780
3274
18529
2352
20817
10381
1431
6285
21329
7069
8555
11587
8563
467
11957
3413
11933
7699
11030
4211
11397
8817
1126
14119
583
18735
7340
8724
13378
1910
217
856
5348
1625
9040
9661
607
470
6896
1849
13121
3543
6690
1269
983
13291
17344
2961
6362
17677
988
564
4096
13481
4317
14455
11063
369
15894
7585
11384
10176
20329
3747
5716
18099
3925
171
16901
2896
6282
1829
3260
14327
7000
2321
25224
24480
18892
19157
329
15508
26201
916
20728
17358
6590
3808
5315
12122
3342
1062
1294
14259
21197
4257
3560
10039
1536
1728
717
5315
476
6049
2801
2787
2036
1357
4680
933
24886
18268
4400
1138
4551
5437
24378
8756
21042
1972
13351
6102
12715
10201
7472
18983
8560
2205
3660
2455
10114
31315
20544
18163
6820
1521
6792
4629
9157
18563
16161
3114
29243
400
25694
7966
1198
1668
8623
3077
672
2311
15202
6546
14953
3107
10747
2884
311
7069
820
4453
6401
11008
896
10387
2155
235
12872
15319
3482
15710
6060
17503
4027
2076
307
16178
2560
1735
3831
3700
7096
7783
26256
8224
2177
24976
5551
736
2005
8344
4230
40
10112
16425
2753
15109
4546
7771
1393
5161
9856
310
7124
31406
126
13420
6400
3111
2789
3624
10824
730
21555
10505
949
21334
12979
2578
547
1507
21117
8592
3276
11737
697
16416
8816
4321
75
23188
2951
6717
2604
17158
985
24759
3886
2619
19388
25362
16898
6060
2345
127
1518
5265
4500
17844
2244
16183
6466
6130
462
3456
1511
21659
120
1766
16759
7268
4257
19689
14817
2713
24858
28599
2673
10913
12391
2192
87
7185
12416
2441
4565
5701
8994
3280
1632
35
6932
10041
2476
15201
2136
20877
268
17001
217
20437
9229
18745
10565
3078
12481
17528
13432
3431
16804
20912
9204
5023
3115
1873
6700
6351
389
3753
19728
21508
319
4455
10549
7408
1092
1397
324
11923
8992
4648
15331
8551
1327
70
6888
14345
100
596
4563
317
16536
14162
26074
2862
9682
2713
1736
81
15392
16873
4668
552
5250
14931
120
1819
1925
335
3154
2609
25021
728
2944
15065
3503
10152
2131
6533
4447
1724
7990
2806
10748
1877
20736
10569
2428
11331
3903
15115
10577
23743
1954
11126
4850
2620
8096
6374
5202
5441
10138
4267
1364
19978
4953
112
2181
9816
18838
4374
5056
17671
9744
3199
6871
11476
14512
140
0
3896
1521
9951
4824
1427
2965
14637
14848
53
21845
1297
20881
231
2962
9693
3073
5536
0
48
24520
12322
1
29802
9540
5680
575
6003
4122
6793
19980
9375
10144
16885
4435
3081
636
3299
8999
105
3626
9584
13988
154
112
2585
1177
7394
5657
24139
73
3510
3163
1593
11432
516
10518
6915
4838
18472
2312
4839
159
4300
5032
1471
20402
324
6679
16744
1224
17198
1299
10270
2356
2154
2610
21571
11621
7303
5562
5117
28507
13000
3227
4081
18513
18999
6004
1712
8045
801
32
11565
20516
1987
15516
1264
1001
3209
2899
20736
9561
14595
459
1575
11257
16573
4496
941
5248
4107
2631
3396
25600
20404
10361
20160
6536
8742
17125
10541
27123
767
13711
8261
29398
4336
11732
1801
100
3444
9447
11419
324
10555
14644
1111
14813
2706
8096
2202
10066
11101
1157
5113
4848
11638
7956
4993
5104
7250
10561
10877
1939
6277
2288
2205
6464
7652
7185
3772
5113
3001
14928
11232
13167
1456
24142
5104
23349
2357
227
22828
18196
6370
7903
12302
10814
785
12400
13493
31
5539
21417
1765
7956
1088
6577
1169
5791
112
3039
17466
443
7936
543
6846
11007
366
9824
10625
1617
13088
31019
2160
7786
635
2432
615
10520
1516
12009
12288
15920
19113
9184
8789
115
11470
14355
5022
1844
5337
25112
153
3292
5028
5980
7852
477
1115
2048
7987
2028
17296
5751
19335
1032
28173
1
8449
12008
144
7394
2760
2393
5786
5050
5124
9505
2296
16041
15803
4764
13841
9165
14946
5437
4605
1147
3844
16677
21528
18225
21936
10142
9476
17818
5973
9792
3921
5860
1771
8631
1808
6723
8424
13694
1247
5024
361
4109
7867
4165
14180
4630
1208
29002
6253
18121
1921
2367
19569
6683
90
11353
9665
27279
1249
216
260
7061
15601
4835
2541
11607
7740
15387
157
25480
8322
3941
4967
3303
9438
18420
9138
7888
4289
9607
17704
11985
11514
5815
22
8347
9793
3025
7216
2992
8262
226
3877
1204
89
990
15025
3406
23806
1849
15140
3969
724
6304
163
17787
1686
6399
5497
24
3647
21039
1212
25548
18056
7371
18019
15843
6556
21265
33
12184
92
745
3370
2763
17203
17214
2908
25019
15505
1615
7792
10492
2303
190
3367
4972
119
2850
4848
17495
1345
9684
10064
162
212
13288
7361
11056
214
17689
16965
23859
9849
2217
18687
2161
1635
9610
9124
4331
1364
540
4372
6140
2765
20566
5530
1923
998
13349
3581
2401
8891
4834
5356
874
18989
532
744
869
21379
15011
4247
6031
15998
3149
24504
7648
17354
13065
2843
456
8613
12506
12109
12881
18074
7407
8792
8770
2384
21904
18473
4705
1568
12860
3895
1703
57
2068
3204
4756
773
13414
5205
1033
3982
1620
10544
15875
8328
602
8884
10735
9936
2780
4384
2824
7901
408
25823
1464
2843
8215
1660
1024
6351
10014
9811
1915
13273
617
30225
2349
2592
747
12893
15970
7441
16241
9225
27204
9430
390
784
11096
1578
13440
1749
673
10089
6072
21674
26103
4337
1391
3901
113
14527
2817
3467
12099
8308
15065
2922
191
17647
3872
184
5109
26404
5739
3136
10256
8560
3770
7912
14
641
1478
100
6245
3088
12178
15045
7668
6689
2178
6103
2654
1253
16695
911
5574
11268
6453
7432
5899
11791
3314
4601
781
3399
8207
1365
7954
3299
17822
2337
3900
7440
4618
16726
5985
10580
17596
190
2113
3160
0
4521
5999
14051
4054
10405
1657
1276
4559
13871
6736
7193
20871
8743
20679
4411
7125
3103
6867
9061
14056
4657
30473
7515
1823
12678
7371
3937
9256
10137
9913
13140
11904
3914
216
351
3216
11513
10877
2283
10714
22261
1387
15591
425
456
18353
1035
5862
2112
729
5476
5702
13687
21546
4736
17577
17469
7886
1839
4640
13420
393
10240
14851
9141
6451
13633
6769
13271
5881
11879
11113
19690
139
5986
4228
9640
311
2901
64
7737
122
7242
7290
18991
16160
782
3393
2664
3088
5465
765
23039
3688
3060
9004
610
22600
5047
6128
3421
13016
9681
3452
7012
10000
4940
2073
23879
18637
4463
23775
22098
6142
649
6481
3440
49
9001
1269
9325
489
8399
1756
10033
7225
6820
321
6640
2324
6624
16947
1312
4840
38
5329
7436
0
2089
19163
13582
8564
16963
8501
1552
14862
858
5809
791
791
6538
13344
8649
11664
4002
1645
9161
2714
2116
4791
11731
24456
4777
5184
17860
519
1543
544
13629
1379
4876
9961
7513
16662
890
3895
18
7513
2665
2076
6443
2003
2041
304
6026
6138
5815
525
10088
2105
7858
10147
10865
3903
2528
96
8223
2611
329
2869
7078
8749
5010
496
21214
1681
23814
2689
14406
453
41
21911
6133
14512
53
21241
5147
2403
18979
16294
99
22104
9606
1404
4767
22725
25030
1253
15329
249
10756
1537
10616
2640
1859
17891
15872
1
6161
13197
7120
4649
4526
9200
2800
1953
3488
28203
17581
7611
7377
16835
19145
11316
1695
86
7216
10522
8829
1131
666
12176
5765
2753
23014
12089
5176
2736
43
787
7515
13178
11660
16735
11293
4062
839
15969
909
18057
24778
1064
4750
11145
7951
9004
4117
4932
5572
5720
1151
1138
7424
288
11331
5387
10092
12723
5821
1782
1752
18433
12272
16659
725
12724
3751
5833
16
4733
2286
4385
84
21964
1955
1817
5633
9226
2619
20182
10972
16642
729
21792
5008
16037
192
12170
1420
355
2958
17264
15323
6903
5008
1
601
14477
9118
9568
3535
7971
14717
2162
1885
12825
19653
4959
30206
5000
7096
1905
8053
2821
1075
7167
4402
8096
13987
5958
6744
12392
3431
323
24817
1951
6704
569
220
4648
9380
3352
11070
9601
4713
1276
3291
1811
9803
333
12266
7298
3630
2029
2288
10431
11425
237
19065
7983
9455
17621
13932
1936
6269
1577
1834
11880
17182
17115
29449
4300
1593
4653
5336
4642
1941
828
11881
6505
13717
6396
11341
9056
277
601
18727
9104
12922
21685
3148
25879
11700
110
15588
11861
131
11568
127
9907
16927
16898
746
4083
425
2314
6700
2572
5773
67
28214
2748
7810
336
10700
5709
3866
22396
17565
9003
8499
411
3606
7784
1882
9773
17235
2918
14238
1571
392
10892
8328
15236
2819
12568
1236
19359
51
13392
14459
17984
12072
1783
2176
3681
489
3411
13512
16987
13053
3781
16984
12059
1584
18199
256
3073
26554
15273
6605
1
20791
9378
11263
12201
106
25136
6748
12605
3679
1
13542
24631
5819
4272
17587
1661
17871
15948
9469
16180
2341
4145
5435
2353
8969
9769
2153
11352
3375
19924
7917
557
21452
4295
3457
1162
7276
882
8433
2291
16038
4419
13014
16556
1047
46
16517
20383
19354
10311
10980
1656
12979
288
25270
18424
17667
1444
21153
4656
729
1969
2370
1043
8
25341
6601
610
2265
1432
6477
619
2001
2646
1301
8475
13812
20553
5832
21900
13866
3856
2199
2766
6427
12024
9691
25466
81
2481
3585
5468
5708
14859
12024
9895
18595
6968
8335
1792
624
9383
6040
17506
4666
3140
5441
22226
12240
3618
284
5248
21187
1629
219
9862
5259
10048
7273
21609
5361
3211
7216
3871
17901
15224
980
7936
289
9139
817
18007
7368
9033
2340
1408
1320
8120
6587
867
10033
25108
11501
5338
30833
243
26
2851
1165
125
3197
12233
900
11309
17120
441
17828
11781
3186
7655
2124
6904
420
724
7736
6879
1481
1368
3704
130
3441
10606
10816
20003
62
6385
12508
512
1
175
26419
788
12436
21186
1229
10417
18496
2056
3993
5965
15598
13189
7610
1000
6232
7020
8832
4950
15774
574
18225
20852
1166
13066
1293
19067
2219
7776
4588
2209
2420
23584
14745
2283
3061
9367
1170
4432
3340
18089
19881
4405
957
13856
7839
1251
17126
2507
65
289
21825
29695
13469
13211
2322
1337
11241
1
151
14809
513
2048
225
9761
81
5404
4960
5344
6761
18526
128
6169
5276
12463
2969
549
6631
19
214
4499
5665
9177
3017
4001
14618
6493
4068
18752
3387
5457
25920
11384
2451
12966
619
2417
2724
6253
6561
5761
1732
16768
9311
1
1009
16435
5446
26653
5233
12768
3693
381
24641
7217
27668
14176
13719
23749
4733
15544
6045
13564
20153
14617
14819
2421
18928
9870
1349
1764
14351
16150
8873
49
2249
14120
11447
4260
5603
20350
19562
6741
3788
10631
529
5503
29573
4944
10368
421
5172
12507
6357
2575
232
18908
13113
2879
19152
1906
9207
7428
1801
301
8528
17799
4791
290
2030
388
16727
946
2837
1348
23935
11943
21341
16120
59
7957
19773
7526
9651
2403
8723
833
1679
9549
13035
2419
14985
1
14238
14899
1555
4827
6180
3985
16300
4887
1434
12645
4791
22411
25554
6879
784
15000
1971
1756
323
9071
3360
14830
324
17117
28509
13040
2255
2548
24786
14456
23138
1145
12473
574
3493
2280
3771
10564
14008
191
741
8296
6561
12535
1336
15264
552
6484
10908
21937
8927
20117
2688
12849
696
18818
8728
723
2097
4048
477
1261
28484
2278
7036
7877
3110
19686
8100
23995
3840
825
7472
20104
2260
256
28444
5801
22504
4564
16042
9652
2214
16643
6168
13410
1327
1813
8793
20038
1369
5357
13875
15477
22438
24063
2319
64
27764
10338
7793
4471
4816
20199
19354
1118
16688
1140
15578
10687
14331
3546
4732
1551
6227
701
19666
84
18640
13897
615
8268
64
3697
3301
10424
12559
1213
148
8065
6889
11431
4424
7566
6889
165
16768
6
9955
951
1037
12501
5345
12850
6875
1871
17537
16368
24768
18220
11970
1910
4388
1457
4572
3421
6539
19824
441
1896
1974
17200
1072
633
11224
8280
6588
4101
15769
9735
11640
21738
2671
18888
5611
15251
6769
887
20649
1
468
13303
7495
11204
16162
1617
2787
653
16325
27443
5185
4734
5848
1662
30
69
5076
6581
1665
1996
7125
13004
24382
123
1394
3992
4457
3176
11971
1578
13151
811
22041
5465
3379
5921
24361
14687
4251
3654
4257
8176
9450
20706
27301
10364
6854
4324
17709
8541
7927
1857
3821
8752
24258
18307
13493
11033
16936
13762
1505
8492
732
3456
24651
8324
900
11136
1521
13549
13392
4313
21499
236
1953
3328
2520
18301
448
18730
5184
13587
2816
6313
3357
4416
6875
662
8836
1378
2385
13285
2862
7876
7621
12515
2990
14807
11144
437
1049
11944
3869
5027
1661
17081
6625
6092
6296
2638
14716
11302
2552
17167
3324
970
1733
4673
3100
9041
14416
15931
1492
4301
24763
21547
2422
24393
9089
9664
306
10299
1981
6673
19899
1258
9809
365
9057
1622
6020
219
476
594
10460
25720
8388
21676
4071
7378
13267
9567
14457
725
4736
1193
1
1152
904
20013
4840
3765
291
25009
12986
102
14914
13033
19558
4263
6991
5604
25305
1
4217
595
11420
6100
13077
4228
13513
21683
5127
1267
3325
4412
625
10760
11281
5526
12857
599
199
2381
25173
15597
2448
2951
5169
6898
15664
3580
10683
2791
5890
15140
9797
207
20806
7855
9209
7225
3619
10417
2511
2948
3976
14959
21800
9139
10063
4606
5124
1205
8372
17247
4791
4525
5847
10704
2057
11754
6653
1545
4047
20596
3918
1869
4214
16335
4355
1111
436
17096
6619
13147
12743
15739
6308
9447
1973
2440
6336
624
4510
7143
6945
25061
21088
16185
421
4841
6442
16270
6561
969
583
2808
21042
851
4466
17765
2146
5043
256
23188
19045
5920
858
4115
122
1
16065
12839
9385
4642
20178
4381
22976
26442
23694
26137
6030
8048
9816
1996
4107
169
52
4918
1668
18196
627
15955
3881
20268
1
11355
1304
5324
762
4564
9911
7596
5262
2368
5383
4881
6325
1472
2724
461
7476
2986
910
14769
3391
4836
356
4207
126
25926
1848
529
1138
464
10342
2937
2928
8278
1491
3577
81
13404
7071
256
13280
5511
6161
4336
3078
17872
755
8851
18859
15729
1167
372
10564
1632
1711
4162
1357
16899
19150
7871
25897
24384
3079
2045
16263
12763
14521
16704
428
10128
0
23050
7793
5589
6004
16590
2935
2287
12738
9114
5277
15609
7600
8598
1308
8440
26935
15396
4213
16485
3481
10611
8292
3426
1550
16415
18649
16289
3293
1611
13551
1143
253
1460
14551
2136
16285
373
4279
11941
4662
26679
12719
15486
4645
1405
15624
20453
210
3546
1356
11951
4473
10921
16401
12018
13896
2184
4408
7592
20042
1
2678
6672
1104
2406
5281
1958
6592
10176
6741
3189
2452
11019
2647
23565
3136
5699
5739
499
14589
4466
19991
961
3302
22453
12441
26260
342
3359
5259
3433
4605
2077
15465
9030
16781
1369
13645
21973
23602
4710
6246
143
6352
12353
1873
986
7191
4894
82
113
8990
448
3888
20185
367
20580
21380
8644
3478
18098
11354
544
160
6216
5782
11587
11207
11831
4145
577
5346
569
401
4193
4598
867
1801
18678
5646
6825
26781
16076
10080
443
984
1826
131
27888
25116
8710
87
4288
6217
21408
15499
8721
11112
8200
16036
584
1668
5631
15701
8377
9633
21720
8800
21770
23301
4690
3409
11479
5544
4112
5335
166
5387
22102
1981
4419
4779
755
6720
506
22040
15188
4477
18670
1904
397
5429
5006
1588
3023
12547
21537
362
4776
62
8961
3178
7804
11454
17901
1404
9700
477
3929
4125
26777
15073
3089
2262
1387
1495
1600
3205
916
21030
613
264
14950
15776
4428
7446
10489
2884
6398
11223
340
4051
26161
18685
5140
5563
14804
14961
13169
8477
7219
16414
1725
6892
22052
13420
26587
6104
25675
2029
10566
3617
2712
15692
54
25701
874
2708
28896
13296
4954
1192
12278
6190
23406
5039
1600
196
101
12852
6679
4122
1542
1188
5329
2809
1107
2937
442
328
21824
9139
7912
18797
3023
3094
5051
6491
4710
14144
15936
12168
6551
739
17046
447
2656
13573
3436
12569
7398
1654
6973
1501
1
16338
2348
242
12310
1102
25752
13245
14781
5991
14284
10631
19762
4102
2709
2295
5137
18931
25706
3695
19657
757
10021
8660
1613
1716
5869
19419
16181
16542
6800
21127
256
11222
13966
3851
6384
4711
1763
1024
6804
3625
20721
12630
1564
2020
5380
17141
2707
39
14936
4800
1090
7623
260
3408
1955
386
5771
2740
17376
11593
1381
5281
4483
309
3851
5021
9612
2983
11237
520
2956
817
6067
2780
15470
6584
2848
996
1530
18441
6588
3252
8743
11301
18806
6395
877
16822
9
9824
24138
8893
29
4355
1507
11647
790
513
3256
844
10465
17029
8277
10620
10400
1521
2875
11513
15029
14301
12391
9553
3601
3706
10102
18053
12736
7576
2504
9532
703
10595
2445
2465
2308
1119
25776
19988
9991
17760
21071
2584
10220
11521
3607
13886
2923
15977
11983
1785
1147
9409
2926
2801
7225
5228
3709
18802
1162
2048
21841
2656
13232
13274
4804
2486
3635
2305
5864
18328
608
3738
16732
1921
2347
14717
76
15543
20676
1209
6775
16868
13251
1912
13216
19646
1775
2916
8901
8201
2673
789
20842
6377
8673
4752
6927
9943
7816
3289
740
404
3609
5687
10144
32420
19602
12399
2517
1329
6645
2637
12454
2890
265
5223
17730
6229
1359
12379
16258
4477
26741
25856
10668
1108
7848
17006
26372
3524
159
12453
4526
4447
9098
0
11875
15029
3354
856
4039
1855
16858
776
16495
2063
19753
823
1242
1079
7994
26
285
3276
4136
6185
1013
6281
2682
4500
17633
12129
6769
19616
8590
1782
8086
3145
16514
7142
1459
1568
911
12391
8437
1056
17319
23116
6615
6650
6805
7101
5800
3402
6122
7330
31
18954
10629
11152
16523
11347
102
750
1646
8425
20921
14244
217
1742
16259
858
2692
3944
1904
4137
1205
1784
6994
7259
2584
16387
66
5589
18871
1441
12739
164
2997
2588
10571
4081
5771
5434
4778
483
2175
10072
4744
2094
17425
14514
4363
6165
165
7151
8045
4068
676
8612
18382
2090
20851
4235
13846
5386
23792
7582
4010
11351
6456
8815
775
19872
9357
365
566
9828
47
3265
24809
9944
21021
5155
5547
1810
807
4763
7285
10374
2700
8374
2104
12187
6124
8880
16846
2118
2003
9720
14225
24640
8477
5401
1945
25047
3389
12412
19002
10127
1758
3240
286
10404
1984
12608
2962
11969
14883
3816
11395
11286
19662
21771
9504
16357
6670
1228
9556
18416
8308
9656
6101
224
2168
3817
15880
720
17575
10807
1008
805
13523
1801
17796
13531
1941
10254
64
385
27889
12585
1320
18255
9468
6352
15728
6875
2733
3737
9422
765
29593
4515
3021
6127
417
1880
1101
16017
11731
5009
1574
6537
379
15461
1469
8161
15654
20896
4387
9435
1781
8491
2540
12746
13740
1829
1
19624
15597
27748
204
26840
1375
4012
6049
3981
10844
6189
7200
11323
3549
6596
12109
25184
6342
4753
21049
15067
15184
14062
3177
13339
10294
1
21591
6572
5472
5809
7250
5419
4912
17480
2337
5696
1455
526
4330
