64 59
59 63
65 64
37 11
37 59
1 56
28 59
63 34
63 55
59 15
20 47
14 5
18 29
48 11
3 50
8 58
48 57
59 32
11 25
14 19
24 21
47 63
7 3
20 2
14 17
29 14
25 8
18 53
14 33
58 33
37 58
22 24
18 2
24 51
19 48
13 46
33 28
6 9
48 26
62 63
24 54
17 26
19 38
30 56
52 41
28 8
49 63
13 50
18 18
53 5
17 52
34 23
50 58
61 0
55 25
60 48
20 2
43 35
48 7
14 60
43 25
1 37
55 59
49 54
14 37
26 22
20 23
51 15
42 33
6 56
14 45
53 53
63 17
7 43
30 58
51 28
64 1
9 21
65 9
39 62
54 35
12 18
12 10
18 16
33 44
17 10
53 38
21 57
60 57
14 6
2 22
45 64
55 0
35 50
26 0
31 58
43 16
5 53
57 45
55 49
64 17
33 31
64 25
11 55
57 10
57 56
48 55
15 57
41 4
2 64
45 50
3 12
7 2
21 48
3 58
21 42
6 7
11 35
33 25
5 56
29 15
8 0
2 64
60 24
58 10
6 42
60 37
17 19
8 38
16 3
17 33
19 44
63 63
61 20
46 41
35 10
64 64
1 11
54 8
5 44
56 65
7 58
2 33
48 20
24 2
27 20
9 34
49 64
8 0
14 50
35 8
14 54
43 27
39 7
29 14
37 53
63 48
37 1
61 45
39 37
20 20
29 34
1 0
3 19
48 55
24 29
48 20
31 37
29 32
39 30
29 15
30 6
56 59
27 21
55 50
48 33
47 32
7 17
32 19
44 30
50 62
41 28
61 28
37 21
36 23
14 38
11 10
59 50
5 31
55 64
29 14
7 44
55 30
61 32
49 40
24 3
4 54
49 43
51 27
32 49
44 49
50 31
2 50
56 1
42 40
60 32
15 55
52 63
22 29
15 3
36 42
56 42
1 25
11 13
11 50
1 52
37 18
22 44
31 25
15 0
28 1
52 53
50 38
57 59
39 5
30 26
9 62
25 40
49 5
17 64
11 46
9 2
45 24
25 43
63 18
49 48
46 21
54 46
1 13
60 23
3 14
27 57
47 11
30 46
17 28
46 48
28 42
48 62
7 19
14 54
23 18
6 30
7 2
63 46
24 63
58 2
39 6
20 60
46 11
29 39
36 6
8 64
19 32
50 9
15 9
31 0
26 16
4 22
3 9
32 33
25 5
1 30
19 37
46 12
64 51
39 50
30 30
3 30
54 43
28 35
1 26
33 53
41 5
47 14
23 61
38 63
45 35
21 61
12 30
57 33
43 32
45 5
35 46
48 48
5 54
62 23
4 45
52 17
25 15
58 63
38 64
41 24
31 16
22 54
61 11
25 42
39 5
16 47
46 28
39 64
27 16
40 14
2 24
16 27
19 55
15 63
26 26
11 20
48 43
5 58
8 21
13 61
52 59
17 59
61 48
24 61
30 56
3 54
64 49
23 14
46 20
58 50
27 35
24 10
51 7
30 52
5 23
24 62
37 2
43 57
35 58
7 17
33 6
52 2
10 38
31 9
42 55
62 28
40 41
43 42
15 13
62 57
36 54
8 38
24 15
5 45
41 27
34 4
40 29
35 21
26 9
64 34
64 61
65 38
63 1
28 29
50 64
38 1
51 8
12 37
22 59
25 20
25 55
24 37
55 30
61 45
18 21
17 18
45 6
49 27
25 27
1 47
5 12
17 37
16 60
56 19
55 33
56 34
1 48
27 4
39 62
52 59
1 40
50 30
38 41
55 24
20 31
64 34
37 40
25 48
11 18
19 62
31 16
41 3
58 30
2 11
41 12
25 22
31 62
8 10
10 23
35 43
24 49
22 31
25 61
57 52
39 27
25 11
1 14
1 41
20 17
32 10
36 36
18 9
37 29
52 15
47 39
35 33
40 54
10 3
11 4
25 52
64 0
2 48
5 38
13 0
27 6
8 48
60 19
25 44
39 61
12 44
60 0
8 23
8 36
23 15
5 64
65 9
40 19
52 3
34 31
43 30
38 53
58 50
31 24
18 32
42 40
23 16
16 49
62 43
1 58
42 48
28 53
63 37
36 37
6 33
42 52
64 37
14 46
64 38
34 48
9 0
28 17
45 9
5 34
7 36
43 45
40 37
60 48
13 3
14 33
52 46
3 48
27 57
1 65
51 6
12 26
22 62
3 56
53 59
55 50
30 31
27 64
11 23
15 54
37 18
37 15
20 28
26 14
54 62
13 24
53 38
35 22
21 55
44 15
1 16
28 62
41 14
54 14
2 55
7 62
3 52
4 39
64 50
57 10
33 56
55 25
10 22
9 63
48 42
62 37
60 19
55 54
30 10
8 15
25 0
17 29
43 40
65 38
8 42
14 37
6 27
56 5
42 58
8 8
64 45
57 13
7 25
23 62
14 0
64 64
1 44
15 60
16 1
55 1
25 36
62 12
38 60
54 28
55 63
38 18
63 23
16 21
31 43
28 3
4 33
52 57
12 43
23 57
7 29
49 2
34 11
59 40
30 13
4 62
41 22
64 50
11 55
12 56
47 11
28 41
39 61
26 12
6 7
54 23
19 27
13 14
50 31
48 22
52 36
5 10
32 15
17 27
20 37
34 0
46 34
17 43
25 6
5 59
26 50
26 33
1 58
48 21
27 6
9 36
30 0
16 21
21 40
22 13
52 56
45 45
52 15
24 8
32 40
54 41
60 20
38 10
34 40
63 36
9 14
63 1
31 8
24 49
31 1
28 17
13 13
28 2
2 36
58 64
21 44
22 62
29 31
30 3
12 46
32 53
33 52
51 16
23 36
56 41
53 19
22 62
20 51
62 31
33 15
28 60
26 32
3 50
62 26
47 44
58 21
6 63
4 55
36 10
28 47
10 31
63 64
51 11
4 32
53 5
21 20
29 18
6 62
45 29
55 45
39 14
60 43
7 29
52 36
51 64
39 42
44 57
64 28
57 63
32 15
25 25
57 9
35 1
36 31
18 29
30 48
1 8
59 59
52 5
12 23
36 27
37 38
61 59
59 46
25 12
20 1
1 36
45 35
47 63
50 32
26 65
51 50
20 21
26 36
2 33
26 35
26 13
53 0
24 0
52 2
10 33
11 64
48 65
46 56
49 44
35 44
55 26
17 2
35 24
25 49
45 36
26 17
51 7
2 26
8 30
49 26
31 23
17 10
54 6
54 31
8 1
49 64
59 4
60 61
16 41
37 65
62 64
63 43
21 62
11 8
43 5
21 16
35 35
5 34
39 56
13 58
3 6
18 42
35 30
44 11
39 37
36 42
51 57
41 51
1 15
1 29
28 59
55 43
45 30
29 42
11 23
45 37
50 59
35 44
29 41
44 49
25 29
37 4
32 59
44 16
54 58
25 27
2 58
18 25
63 3
23 24
50 65
62 25
8 43
49 33
16 45
10 6
10 48
39 32
36 60
57 55
30 44
55 8
48 35
62 38
37 40
17 26
44 62
58 24
21 17
9 64
2 51
5 0
4 51
36 31
18 24
34 12
39 23
5 34
44 46
54 29
63 0
42 60
46 1
29 32
9 3
48 48
28 6
27 54
9 59
64 4
6 19
56 51
1 53
46 48
43 11
40 0
53 54
11 53
33 64
19 47
7 22
43 40
60 34
14 23
9 3
4 42
30 2
17 20
22 58
53 5
24 36
20 42
62 5
38 17
14 6
13 60
17 11
58 52
45 5
6 58
53 59
55 29
11 33
22 49
50 15
58 32
8 51
51 11
5 56
40 54
3 18
40 5
62 17
57 43
44 65
61 3
51 19
61 41
53 62
63 2
24 48
31 33
33 12
56 45
11 11
42 45
27 33
8 34
52 45
17 34
9 50
42 64
54 15
18 13
19 48
34 65
12 56
22 51
4 63
5 22
61 17
7 53
35 36
56 20
23 0
53 9
40 51
19 0
52 18
42 31
28 30
42 63
9 59
13 17
47 7
16 38
17 47
54 58
52 13
50 39
29 17
18 65
9 62
10 49
57 26
59 19
52 40
28 62
44 4
64 49
11 8
38 14
46 4
7 17
58 63
59 25
19 4
20 31
63 41
23 57
31 20
15 45
39 23
63 21
5 8
55 9
5 62
41 23
64 37
39 59
13 60
43 63
30 52
33 39
40 62
21 6
41 9
2 46
58 21
31 46
44 17
26 64
15 34
56 55
33 60
13 2
16 64
2 55
26 58
39 56
18 18
40 56
50 50
44 11
36 38
55 5
55 32
63 62
42 60
1 35
53 48
26 61
31 65
31 41
65 10
34 31
47 1
64 21
21 18
13 63
51 55
38 42
27 56
60 33
13 55
60 32
6 26
57 33
57 26
21 60
43 16
51 0
26 38
42 3
18 24
43 6
28 44
12 41
21 54
7 22
47 53
24 25
50 1
36 53
60 11
32 30
18 61
40 60
11 46
30 63
57 34
28 17
51 59
63 45
48 63
24 10
28 44
19 18
58 52
52 30
43 30
34 23
52 63
34 64
9 0
48 58
22 23
7 25
65 6
33 39
60 61
62 13
32 54
61 43
53 9
63 12
51 1
39 23
59 31
47 26
5 51
56 35
22 52
46 24
18 23
12 11
1 61
20 8
39 50
44 26
45 49
31 51
1 50
14 17
60 54
32 41
12 5
28 65
61 9
62 5
38 2
33 61
29 23
39 43
4 16
24 30
58 53
59 40
33 0
65 25
63 18
7 26
7 1
22 48
64 27
15 21
64 47
48 39
10 47
42 31
9 63
28 18
54 42
39 36
26 43
36 19
40 64
6 53
38 29
12 0
3 4
37 22
48 17
60 19
32 7
36 1
8 41
64 47
15 23
41 8
33 25
2 30
27 47
23 5
16 49
46 49
55 15
5 59
52 10
30 8
5 53
55 31
11 52
3 15
61 49
53 29
15 38
50 2
65 8
49 15
58 61
56 3
20 30
42 17
17 44
64 48
11 10
13 38
15 59
62 9
22 23
28 63
22 4
53 59
13 38
3 30
12 2
29 64
54 61
7 45
7 32
61 50
65 4
44 45
48 4
24 16
2 61
57 29
21 9
41 46
42 34
54 22
38 60
29 2
28 59
33 31
55 20
16 14
44 26
44 49
18 17
45 32
26 50
64 36
22 55
17 57
35 31
41 45
62 53
22 56
9 56
52 5
42 39
51 28
64 11
19 32
58 2
37 7
14 33
28 34
55 53
2 64
35 39
57 39
8 63
38 40
62 63
64 23
9 34
1 13
64 42
24 25
47 47
49 59
15 0
35 45
61 35
41 8
11 57
10 47
16 34
35 60
28 62
20 64
55 63
20 35
4 1
1 61
64 16
65 38
52 28
22 60
59 43
41 21
12 38
26 55
24 51
8 63
36 43
65 6
17 42
23 32
17 21
54 44
16 23
24 43
39 42
14 5
17 8
36 3
39 63
16 61
15 44
15 20
21 49
8 7
41 40
36 36
52 44
33 47
30 21
19 12
7 37
22 20
20 27
9 5
27 40
20 8
52 20
56 16
50 0
5 38
3 29
23 15
52 52
14 45
53 28
28 10
23 64
10 9
28 14
30 5
16 18
48 33
50 8
48 23
29 5
6 22
46 6
10 12
32 5
25 24
33 30
16 49
34 24
24 44
5 40
4 39
38 43
41 33
56 1
61 60
29 52
7 54
25 24
5 32
18 40
14 51
28 18
1 65
42 8
2 55
13 33
52 64
55 1
43 29
11 2
61 24
64 34
10 32
35 2
22 29
43 53
36 61
46 33
51 47
13 46
18 64
34 30
6 40
20 22
51 29
3 49
39 45
25 38
59 25
30 37
2 37
44 16
36 58
10 55
8 37
58 13
59 1
12 1
32 61
31 5
55 30
27 47
40 58
48 34
32 2
33 31
38 12
19 0
48 37
36 63
5 19
17 2
65 16
33 17
54 57
48 26
36 1
25 28
47 18
53 15
54 21
24 33
6 4
35 60
52 11
56 57
29 31
21 58
61 63
41 61
59 14
4 0
4 36
10 4
54 64
47 20
1 37
53 3
58 48
21 46
51 49
19 47
16 8
27 46
36 6
37 49
7 15
15 47
15 61
34 10
30 0
62 6
28 65
4 39
48 54
3 60
63 59
20 10
11 56
51 4
10 60
28 19
26 65
13 25
24 17
42 57
11 60
2 50
42 64
52 45
20 6
59 34
19 20
23 28
40 1
17 45
65 19
21 8
43 32
44 33
34 4
9 61
44 57
32 17
6 50
63 25
11 31
10 49
21 43
51 26
30 16
9 2
8 21
3 28
31 12
61 29
27 52
47 47
21 1
41 36
52 16
56 28
15 53
55 6
55 16
17 51
30 7
50 20
25 27
20 58
35 9
9 64
56 17
4 47
54 48
27 13
41 4
16 24
39 47
36 65
60 46
21 30
29 12
24 30
59 52
37 8
12 59
34 60
60 63
8 63
6 54
19 37
40 23
44 41
60 53
52 30
42 6
56 28
10 3
42 32
59 24
40 22
52 51
11 46
16 8
50 64
15 59
10 27
56 38
65 63
8 33
8 10
27 38
16 9
46 55
49 3
36 62
37 34
12 64
58 3
42 36
65 0
64 25
4 49
39 33
1 65
48 56
64 65
50 29
33 40
61 49
55 0
46 17
50 55
56 9
30 57
29 15
21 17
63 54
28 42
32 6
53 55
21 62
35 50
45 0
24 55
16 2
65 20
10 48
4 48
22 42
59 3
6 53
33 49
31 1
32 54
41 19
8 50
51 43
4 18
51 47
11 50
11 62
56 14
8 28
6 63
18 15
15 24
57 52
61 0
15 11
42 9
20 62
58 11
58 45
62 49
41 7
39 45
57 17
35 32
13 51
35 28
46 46
30 33
32 34
16 30
28 1
65 35
45 55
39 55
10 0
61 38
65 3
33 31
64 39
20 55
26 9
54 11
63 46
48 17
64 5
9 51
4 60
37 12
17 20
28 47
22 33
37 22
38 45
13 60
25 25
33 50
47 27
52 54
63 42
52 33
28 51
54 38
17 64
2 13
65 19
45 41
23 23
52 10
9 54
8 49
34 52
16 14
63 40
31 26
2 39
45 33
64 42
61 35
57 7
48 58
44 22
10 24
40 15
13 33
28 1
11 15
48 1
14 58
52 13
65 39
47 27
52 20
54 35
29 22
34 1
40 18
37 15
64 48
46 25
50 14
36 60
44 23
47 48
40 25
14 31
52 23
63 8
65 1
13 16
17 32
15 20
11 20
21 64
16 51
47 45
65 44
59 34
46 2
20 53
58 50
29 48
43 52
47 62
9 13
36 5
13 55
2 32
22 17
24 61
1 5
59 13
63 47
52 44
62 38
27 14
41 9
49 31
15 38
46 60
54 41
51 41
9 48
4 59
43 46
33 19
11 31
41 12
58 36
32 13
39 0
10 17
24 41
13 37
25 58
8 24
33 39
31 63
56 10
25 52
65 1
61 20
55 27
11 19
6 0
64 46
5 16
13 61
25 27
3 8
59 14
31 32
36 58
16 58
59 33
42 5
46 13
20 10
30 65
30 5
34 17
3 49
39 52
9 35
49 3
8 30
10 16
61 11
60 17
7 58
13 9
11 38
34 5
36 32
29 45
56 14
41 58
20 34
47 49
31 39
63 58
54 0
1 36
65 47
55 31
1 50
42 39
1 40
40 22
41 55
35 33
44 40
23 63
34 24
50 29
16 55
65 49
15 60
59 62
64 58
60 3
30 21
40 55
30 4
38 27
55 20
46 4
52 13
26 56
29 34
65 43
24 43
11 57
47 60
57 15
31 62
28 24
63 37
16 61
39 15
31 30
18 17
50 13
19 60
55 6
36 39
55 14
44 39
55 63
41 52
59 21
43 46
50 40
56 53
37 53
1 47
47 14
54 32
34 64
47 9
48 48
64 22
62 18
52 4
45 26
41 54
20 34
37 62
26 60
7 50
57 29
50 9
22 53
16 9
53 50
54 34
34 50
23 33
61 47
21 28
11 53
60 30
20 40
42 44
53 41
59 65
16 9
42 4
49 25
44 29
50 33
40 56
65 15
55 28
24 50
17 19
51 44
21 24
39 55
38 41
58 32
60 44
63 21
33 46
4 6
37 42
4 6
54 53
9 28
10 64
25 13
42 56
57 16
8 58
23 59
49 53
33 64
62 39
54 12
44 56
58 36
50 11
38 59
13 37
44 22
51 32
12 6
6 45
32 34
51 10
62 33
12 19
22 57
14 31
62 10
59 31
43 28
57 8
59 21
43 2
44 44
9 33
42 3
8 45
28 47
24 16
14 13
48 55
62 34
20 49
17 3
13 32
24 10
20 34
12 41
18 31
12 5
51 64
29 54
65 6
8 34
65 6
34 55
59 61
10 42
27 14
62 60
64 33
1 17
5 12
64 58
53 13
36 39
58 65
27 53
27 12
46 57
54 36
8 3
61 45
48 48
45 39
40 60
26 38
20 2
31 24
20 9
14 2
48 41
35 1
37 29
40 33
48 55
8 3
46 27
44 1
5 1
24 40
37 35
57 48
11 43
47 1
47 16
7 40
54 63
19 59
9 64
40 7
30 39
6 48
62 58
18 56
37 65
24 14
45 0
61 51
25 59
5 42
52 42
17 47
7 35
50 5
23 42
55 25
35 54
20 41
18 46
16 25
52 35
41 20
45 13
63 57
15 5
7 58
24 29
55 17
65 1
6 40
19 39
27 28
14 5
20 49
45 23
57 30
17 44
44 32
30 23
22 6
64 38
39 57
17 23
1 4
45 13
56 37
21 13
25 42
13 30
54 22
50 41
1 21
19 45
21 21
15 42
59 12
37 57
27 2
47 6
52 59
34 17
42 14
58 43
24 32
44 38
47 23
57 4
55 60
8 5
13 46
44 23
19 2
28 53
59 48
40 40
51 55
9 56
6 14
42 45
14 35
29 28
1 57
24 60
11 63
27 60
35 51
60 63
46 11
46 39
43 33
65 48
47 62
31 55
35 10
52 3
3 40
47 61
33 23
65 20
7 33
59 59
6 53
19 62
58 31
25 1
21 6
37 44
8 28
27 14
20 56
29 3
6 19
22 2
23 56
29 4
35 8
23 52
59 51
2 16
2 32
33 10
10 54
36 4
65 65
10 35
27 47
17 27
24 46
47 47
26 10
5 38
22 51
36 43
24 43
3 44
17 14
13 47
22 5
26 34
3 49
32 15
3 24
52 43
59 15
56 41
19 41
36 17
60 0
8 32
9 48
13 61
62 17
5 35
17 6
61 4
25 15
48 58
29 3
64 52
44 3
36 21
42 32
59 38
25 23
56 43
24 37
58 29
34 36
2 48
40 42
20 63
43 0
26 11
24 13
4 12
18 3
12 22
38 26
42 55
53 33
64 35
51 47
7 65
22 42
60 21
59 15
30 31
41 32
46 45
20 5
63 59
13 56
65 49
40 24
55 13
28 61
12 4
57 16
49 1
38 13
21 6
42 2
17 60
15 11
56 46
62 28
56 39
63 28
10 55
56 29
28 28
44 30
10 47
28 16
29 52
50 25
64 9
19 40
18 36
2 9
54 33
36 14
30 8
56 20
43 61
36 23
55 20
29 51
20 13
42 53
42 22
65 16
58 46
64 65
16 11
4 6
25 50
45 11
19 17
20 53
43 27
64 1
29 20
53 33
57 22
48 6
20 56
53 6
44 38
24 48
62 5
20 39
19 45
38 47
47 30
4 39
25 6
26 1
21 62
19 57
2 7
28 1
42 27
51 56
35 55
51 36
10 1
29 42
56 61
7 55
2 29
56 32
16 33
53 60
13 65
32 54
27 46
33 52
32 61
58 20
57 8
49 32
41 29
5 51
47 27
11 55
10 4
17 30
10 48
32 47
20 42
13 5
3 35
36 10
63 12
24 32
4 15
59 62
14 41
29 21
50 53
56 13
35 1
38 57
20 8
26 54
39 46
61 28
7 45
44 46
43 31
37 1
8 33
1 12
26 24
37 10
36 14
12 44
53 37
56 58
37 28
22 31
3 20
55 59
31 55
11 31
58 4
14 13
45 7
36 50
37 11
61 48
45 3
3 13
9 20
35 13
38 63
56 32
60 60
23 24
6 61
36 2
44 23
35 28
29 19
37 21
42 24
21 36
51 31
17 57
47 5
53 1
51 12
24 29
26 57
53 65
58 28
29 39
58 2
65 25
18 52
36 23
54 36
28 56
26 1
50 11
12 33
22 8
45 16
30 31
15 11
2 50
50 59
41 42
58 35
54 8
44 51
9 18
28 63
51 54
29 36
39 65
31 5
18 22
56 54
41 5
29 50
51 27
52 25
3 42
33 52
7 29
57 13
46 39
54 11
5 1
39 32
28 49
13 52
32 4
24 20
27 60
23 0
20 13
10 23
63 18
24 25
44 63
15 47
33 25
45 47
63 11
25 40
32 44
20 2
41 12
47 59
44 15
38 62
52 50
34 12
22 59
40 35
49 14
38 61
8 41
1 11
27 32
60 53
26 2
6 26
64 8
5 6
19 48
21 26
39 26
33 4
61 2
10 64
64 64
27 6
2 10
47 62
17 11
44 28
13 29
51 42
53 14
36 28
9 53
30 65
37 60
52 54
49 41
5 24
39 6
19 19
52 22
3 41
32 12
38 62
13 13
8 17
48 10
20 10
35 60
21 6
32 14
56 59
33 7
35 50
62 52
12 15
22 8
21 8
50 49
27 43
24 35
60 57
23 51
53 30
43 13
64 42
59 32
49 22
5 13
10 41
59 48
43 1
45 26
31 17
32 45
30 14
11 18
17 31
64 6
1 37
56 16
11 48
44 45
14 56
10 39
29 31
45 62
32 0
61 13
23 13
21 42
15 64
5 5
56 60
54 37
38 18
32 43
8 18
46 13
18 3
50 20
9 53
62 1
46 35
29 20
20 14
65 18
50 64
41 6
5 28
62 26
8 36
65 57
22 33
11 32
30 42
7 63
27 11
54 56
8 34
53 5
54 36
56 59
61 7
9 24
1 47
59 33
29 24
26 16
6 5
29 59
11 49
20 48
50 32
21 2
47 16
30 2
27 21
36 44
10 47
46 42
17 55
3 6
52 54
59 56
16 46
3 36
27 20
13 14
16 46
62 33
59 50
7 19
32 47
21 55
6 23
13 50
44 10
44 12
4 17
11 32
3 60
27 21
37 33
27 60
59 46
27 38
62 34
28 26
29 14
54 34
13 9
24 33
16 23
39 40
6 50
32 11
20 12
55 5
47 24
14 54
58 25
35 2
35 55
51 2
56 57
8 60
44 5
65 16
13 22
47 61
59 58
45 62
19 64
5 44
55 18
37 23
46 15
32 53
47 21
41 20
64 6
23 39
42 1
11 49
56 13
5 11
6 16
62 33
25 14
15 32
60 51
32 34
1 50
8 65
58 8
3 43
59 3
56 27
41 53
31 59
39 19
41 60
56 58
28 29
3 20
10 51
17 12
2 37
41 41
26 54
45 34
34 41
35 38
36 47
5 42
32 45
10 8
55 30
40 15
33 65
53 24
20 12
23 42
41 41
6 57
19 20
54 61
15 65
65 7
63 47
40 6
5 65
45 35
53 42
3 46
20 1
33 59
6 23
50 45
29 3
35 2
36 16
12 22
44 60
53 49
36 37
55 4
7 34
44 31
19 21
30 14
38 34
41 1
31 54
21 42
55 31
55 27
63 1
36 15
18 27
40 32
36 26
19 19
52 57
52 28
10 38
13 10
32 43
47 42
19 38
42 22
58 54
29 35
36 19
44 1
45 52
33 34
16 4
49 13
37 33
33 62
45 51
57 19
36 57
57 44
43 29
51 28
48 3
14 50
14 55
14 53
24 39
17 47
45 3
30 59
37 48
54 16
51 14
48 4
2 56
41 59
25 48
23 31
31 43
59 39
22 30
46 46
11 10
47 21
58 47
14 40
43 63
37 61
20 39
62 65
11 34
45 63
3 39
43 24
44 2
62 32
48 27
29 29
39 5
18 38
26 1
6 39
9 51
62 7
47 8
5 25
39 50
62 2
27 24
14 30
21 26
41 62
50 28
38 46
19 3
44 51
29 32
57 65
53 10
37 45
7 34
15 1
8 18
35 33
29 49
36 17
32 65
43 47
34 11
65 42
43 41
43 8
13 37
27 23
46 39
47 18
54 36
38 21
34 14
11 34
28 34
11 50
20 30
63 25
39 12
26 58
3 29
8 1
3 30
40 26
36 44
21 28
7 26
49 34
21 48
31 25
3 58
60 2
63 45
15 17
24 20
7 13
13 16
59 24
47 4
12 60
39 62
50 50
7 52
1 4
5 33
31 57
21 23
29 59
55 48
28 21
15 29
29 22
55 36
15 59
21 34
14 22
63 47
47 65
60 60
58 13
50 12
17 29
42 34
62 44
30 8
61 43
33 7
19 38
56 58
55 53
24 56
35 19
59 19
54 15
62 42
25 3
46 50
50 21
36 53
26 63
49 42
5 1
51 13
35 21
38 65
47 40
58 24
39 42
10 22
8 8
13 17
33 20
40 47
47 26
35 48
41 30
27 5
60 45
18 21
43 54
33 10
26 46
9 52
27 56
22 31
35 62
19 3
33 41
21 22
35 14
1 50
7 64
8 30
25 39
38 39
15 34
21 56
60 39
41 36
12 49
37 55
11 57
6 28
31 4
11 44
43 36
50 47
38 28
60 43
7 46
40 2
40 35
12 33
36 59
63 41
27 20
48 37
30 12
59 1
47 44
32 43
54 12
49 3
21 60
58 1
18 46
27 12
11 17
28 17
62 45
26 22
13 12
37 37
15 29
44 14
7 16
56 0
32 25
50 18
21 64
27 33
63 58
42 35
17 25
31 19
3 47
49 7
65 14
61 65
47 48
39 56
38 33
58 4
19 8
56 31
63 44
1 15
5 15
60 8
28 33
9 54
39 15
63 59
14 35
54 8
22 59
38 5
37 10
15 34
62 49
60 62
59 5
62 51
20 2
30 53
14 16
20 43
20 23
47 49
41 39
9 64
21 54
23 37
33 25
11 14
65 48
2 3
6 32
64 36
50 25
58 64
42 33
49 49
41 3
56 52
22 11
48 17
30 42
15 48
13 33
5 40
51 6
3 61
16 9
11 48
57 23
25 47
54 36
30 64
12 4
15 38
56 58
7 5
33 3
45 38
27 47
42 26
33 1
40 32
25 32
52 1
42 56
52 27
35 12
12 59
45 62
34 53
42 55
54 59
33 37
36 24
13 8
10 57
35 6
56 42
52 62
26 21
23 36
1 3
65 54
23 11
56 19
22 23
28 61
20 22
11 58
52 46
35 3
13 29
51 35
13 10
8 35
45 0
44 21
48 38
4 27
14 26
32 7
57 45
32 60
24 21
47 2
15 55
45 18
36 40
8 14
50 20
52 51
48 20
62 22
17 18
30 28
28 57
39 18
43 44
29 39
5 0
17 0
49 19
56 56
49 33
6 1
32 58
48 20
5 63
15 21
24 8
52 56
62 65
55 12
31 43
64 27
33 52
29 42
25 26
35 48
24 49
42 11
4 63
8 63
4 17
22 3
36 3
47 54
5 6
51 35
47 58
19 17
56 26
15 28
49 39
7 63
24 39
5 31
4 25
44 44
8 34
27 14
37 17
6 42
6 22
49 10
20 36
13 52
8 14
44 32
50 20
23 48
64 55
65 45
49 32
15 40
8 22
8 24
56 30
7 31
62 54
23 9
59 46
6 55
25 11
22 16
27 45
3 57
45 47
38 15
12 52
5 14
56 53
50 20
28 14
37 62
33 54
30 62
51 62
43 28
51 16
53 38
42 2
22 33
51 39
50 31
52 8
17 31
41 35
6 42
51 1
53 60
56 19
5 46
59 23
24 52
56 30
1 19
52 4
34 48
61 58
50 19
32 26
34 11
48 10
30 43
6 46
14 0
22 21
41 47
35 44
39 0
40 35
15 39
52 37
25 48
28 24
40 54
1 0
1 19
17 6
25 15
47 30
3 8
16 8
2 1
30 62
42 47
7 57
25 24
59 15
56 1
25 62
54 10
63 47
48 25
44 42
18 30
35 3
61 7
41 43
17 6
27 33
29 26
33 12
60 46
23 61
43 45
43 4
21 45
11 19
51 7
53 22
55 6
56 6
57 60
55 1
45 46
5 11
7 49
59 59
35 23
37 51
48 9
35 63
18 39
30 48
26 53
41 36
43 30
27 2
38 20
36 36
62 59
24 11
2 35
39 42
7 2
4 0
62 59
31 10
16 64
64 1
36 11
13 29
21 43
26 22
34 62
18 25
34 15
37 59
6 47
60 43
3 5
4 24
41 38
23 33
33 65
49 30
49 58
44 20
42 57
59 36
26 54
58 57
54 55
25 33
11 60
45 37
1 50
56 40
13 3
58 23
13 2
10 53
56 40
32 60
50 6
32 28
9 33
55 36
8 3
53 34
56 9
14 49
12 57
58 23
50 62
31 39
6 33
7 51
35 44
30 31
2 6
49 64
21 14
16 65
51 51
18 4
45 59
53 16
27 8
20 56
50 10
15 46
62 38
30 20
53 5
2 42
48 33
32 25
13 10
54 63
39 19
22 7
3 44
3 18
34 50
28 25
35 49
38 32
34 1
13 20
36 38
34 10
7 22
46 15
17 26
42 33
19 61
49 37
9 41
28 0
14 5
2 42
2 51
53 0
17 43
48 15
62 48
36 7
32 49
62 22
10 0
37 50
59 12
64 14
29 45
36 27
6 53
54 28
27 50
32 11
24 54
53 62
30 3
35 28
8 54
55 53
20 9
45 12
54 42
12 21
60 62
11 3
14 56
15 31
44 54
23 31
8 52
55 28
36 22
5 54
20 7
50 64
57 50
36 39
17 23
43 31
24 25
29 59
2 46
26 49
23 30
42 33
61 63
47 4
30 56
42 33
53 52
59 19
18 48
9 64
41 5
45 60
54 60
64 22
48 0
12 43
10 14
34 28
62 59
59 26
17 62
12 62
46 46
14 23
20 32
37 46
18 54
56 64
38 46
34 5
50 22
45 45
47 57
2 24
33 30
16 46
14 15
55 20
50 15
47 46
41 62
3 48
6 31
55 9
9 61
56 10
7 32
39 21
9 20
20 44
60 39
2 56
22 25
56 33
60 41
10 52
59 13
63 5
36 40
31 17
40 53
48 60
35 22
2 1
53 22
55 15
8 14
30 11
19 39
13 22
20 34
31 50
15 12
33 33
33 22
44 23
22 59
63 17
40 18
18 29
63 56
46 35
59 49
46 42
29 28
51 16
50 50
60 20
23 18
30 16
43 24
16 23
42 51
28 34
44 62
15 8
40 4
19 51
44 46
29 48
13 21
16 54
35 32
64 38
11 64
35 59
30 13
40 51
7 2
23 62
48 54
20 9
60 3
7 50
64 15
35 61
50 51
11 26
26 30
49 58
58 19
42 48
59 29
44 12
50 36
26 39
9 57
23 2
23 22
17 65
42 21
35 53
55 62
11 59
16 40
22 33
34 30
62 55
44 21
25 28
65 16
13 55
15 17
57 9
59 2
57 12
24 2
28 44
61 55
5 10
6 64
36 32
3 5
52 38
16 7
27 0
3 57
24 36
49 62
31 0
22 36
15 20
22 42
53 64
39 15
23 23
15 46
52 22
9 45
21 20
16 65
50 58
36 31
28 26
25 25
27 59
38 20
47 0
60 37
37 6
8 1
15 53
65 34
11 51
5 1
13 6
58 63
16 34
44 61
54 27
51 21
21 65
34 55
49 20
38 17
2 60
38 10
24 15
57 22
37 30
35 23
46 49
40 44
52 41
59 56
61 13
60 22
22 15
65 56
25 63
63 0
32 58
54 10
16 55
61 11
24 44
40 42
11 61
36 46
20 44
62 57
30 36
4 47
5 60
16 48
40 5
60 31
20 49
61 22
45 16
41 17
55 57
41 46
47 21
47 50
26 28
57 15
21 58
35 2
15 4
61 0
58 11
59 24
6 63
1 21
39 25
5 36
12 35
7 27
19 26
47 10
14 16
38 48
15 59
45 4
60 33
49 16
4 40
21 49
65 31
4 32
40 50
40 21
25 38
32 48
10 48
1 22
27 13
39 61
60 5
33 23
45 41
23 1
24 45
6 23
45 21
8 40
55 64
54 10
40 14
28 46
27 0
65 29
27 16
46 39
44 18
12 12
7 65
7 5
8 47
23 53
25 57
48 30
55 42
61 13
36 16
18 35
11 61
43 24
30 55
37 57
44 43
28 8
25 38
51 38
16 0
17 49
59 22
57 37
28 33
31 36
8 55
26 20
55 21
42 31
62 64
61 6
58 10
1 5
15 47
40 2
53 49
60 44
36 24
38 1
42 61
33 1
8 1
54 12
54 35
26 61
2 36
27 45
20 25
52 53
57 56
55 49
3 0
33 56
2 57
30 27
65 28
9 12
27 13
29 52
32 54
35 44
3 63
31 51
1 21
59 1
23 1
50 60
26 10
31 7
6 41
3 40
22 64
18 33
6 46
45 27
24 2
64 65
2 14
53 30
52 31
43 61
53 2
31 57
32 60
55 28
41 22
32 64
18 10
15 3
52 11
58 26
62 30
53 64
62 21
35 23
9 25
26 21
26 27
43 29
45 42
48 23
1 43
51 30
23 50
2 4
31 10
49 3
40 45
48 6
7 12
18 17
57 54
17 19
45 1
39 25
34 63
62 35
64 15
50 38
23 52
42 10
1 33
54 5
43 64
2 0
20 28
58 34
44 47
56 3
9 19
55 25
8 10
54 63
14 2
55 58
53 37
32 35
23 54
11 15
17 16
15 36
11 13
4 25
33 11
43 61
63 45
20 58
19 36
56 4
55 38
41 12
28 16
6 35
39 54
28 54
4 61
37 46
6 49
33 50
25 35
29 9
51 11
56 24
23 47
2 61
53 35
2 0
41 38
24 37
29 51
60 15
37 19
55 51
39 48
3 32
5 37
33 50
61 3
34 35
4 42
48 6
37 7
37 61
16 4
14 11
46 57
39 13
38 33
64 53
5 51
22 37
53 31
58 42
43 3
5 11
5 56
3 24
15 51
57 21
5 16
28 13
12 39
1 18
14 30
16 62
65 18
38 11
16 20
25 11
51 38
13 46
29 25
21 49
7 7
36 57
51 22
3 43
32 65
32 11
62 3
15 8
42 45
43 39
15 63
27 29
2 16
11 17
45 50
36 49
45 33
13 14
46 23
16 31
24 5
57 61
14 26
8 47
10 15
18 49
64 45
55 0
26 43
61 48
3 52
6 12
12 16
48 55
44 4
10 40
60 0
3 8
11 26
3 31
13 42
56 51
63 21
46 59
51 16
65 28
13 27
34 15
26 32
1 51
7 56
42 34
18 34
29 12
58 24
40 32
59 46
2 20
18 43
47 44
42 41
16 18
58 16
35 4
3 46
42 50
64 20
62 49
11 65
37 18
53 58
27 25
16 53
65 47
35 54
45 13
7 62
5 59
45 18
62 38
48 34
7 59
59 32
16 57
8 56
47 36
35 47
2 40
6 0
43 60
28 59
63 52
62 36
10 24
3 23
7 54
59 36
1 1
30 15
61 50
24 49
23 1
59 10
39 47
33 24
31 19
57 12
34 16
20 61
31 37
35 44
62 43
53 44
58 41
18 0
62 55
22 42
55 42
32 4
16 11
28 50
1 12
40 65
9 43
44 53
24 21
58 2
50 50
31 44
60 20
30 49
4 0
7 7
62 3
23 49
54 49
6 62
30 40
30 63
24 48
21 31
19 19
42 12
35 5
27 59
6 52
1 23
37 27
4 33
38 39
62 14
37 39
34 0
38 4
8 2
21 28
44 27
63 28
57 0
58 49
31 16
39 30
13 5
47 58
1 65
10 4
48 25
17 6
52 4
51 6
38 52
32 32
54 7
24 5
38 38
53 12
37 55
32 49
12 35
5 11
13 48
29 24
51 49
1 2
36 47
43 58
6 27
22 3
43 6
39 8
55 14
49 56
19 18
39 50
36 53
31 62
31 64
6 23
52 63
46 46
65 16
21 5
33 13
54 1
33 12
3 32
5 31
42 4
38 43
38 38
4 64
31 38
6 12
15 33
32 43
8 30
25 40
52 29
40 48
54 65
52 3
14 26
47 59
27 38
20 52
37 18
26 58
57 49
9 65
9 15
15 27
35 5
2 49
46 9
41 20
21 27
7 64
56 31
3 62
64 15
42 40
38 22
56 8
64 37
40 23
63 59
5 13
18 34
29 1
9 60
33 11
39 43
4 41
1 28
43 31
16 2
45 41
39 49
28 30
64 44
31 30
16 58
3 19
27 43
18 16
57 18
43 11
22 13
60 40
65 25
64 43
27 61
47 24
47 42
39 26
56 8
51 56
42 21
52 13
39 10
36 2
52 12
26 63
28 40
55 33
27 15
5 9
60 34
41 11
45 27
31 11
37 64
31 21
39 21
35 63
17 43
20 16
51 59
58 60
58 62
51 59
19 6
3 60
27 28
9 60
31 44
56 64
43 30
48 60
5 29
20 27
21 58
53 17
17 18
37 10
34 38
14 58
1 10
39 18
48 9
9 51
18 24
22 29
23 18
7 56
3 57
40 47
60 64
4 3
57 22
20 48
28 41
29 38
34 41
43 29
8 59
48 28
53 63
42 33
60 18
29 29
35 54
15 5
29 1
48 10
42 18
2 46
32 0
42 10
19 59
64 30
39 16
29 58
47 50
63 27
22 14
10 0
58 35
39 39
17 35
62 40
57 27
56 25
48 42
44 44
32 57
17 45
31 0
15 56
26 4
11 21
38 4
50 56
57 43
15 9
13 25
56 27
3 9
9 36
37 39
19 42
62 29
22 30
45 19
38 62
52 54
32 44
3 11
33 58
6 3
47 54
39 35
9 16
14 27
33 46
49 34
38 19
22 32
2 21
60 27
23 6
62 56
52 35
37 13
7 52
61 7
55 6
55 8
54 49
13 18
2 27
38 37
35 47
20 37
60 47
6 45
51 2
12 41
23 39
44 42
62 38
11 40
2 23
58 33
38 58
51 6
39 45
42 54
47 30
34 14
52 65
43 63
19 2
15 43
33 63
16 38
22 36
46 41
21 42
1 52
17 56
20 46
3 20
32 30
26 7
50 20
14 54
32 23
16 27
57 28
17 51
42 27
48 65
27 33
34 38
26 61
13 13
25 22
53 23
28 7
33 28
13 35
33 12
20 32
54 32
36 64
14 41
4 16
41 65
53 43
37 14
31 43
46 37
65 16
9 48
61 64
11 29
19 9
60 38
1 1
33 33
51 60
23 50
34 21
10 16
51 25
22 30
40 54
9 29
42 32
48 37
11 14
10 65
8 1
25 47
10 42
54 35
56 14
8 3
57 42
22 43
36 38
61 8
40 35
26 29
10 10
24 55
2 17
43 6
36 44
5 53
46 18
64 55
7 20
13 57
39 3
6 8
7 25
58 52
57 59
51 1
12 41
36 6
39 1
12 16
16 48
10 59
49 5
18 60
5 65
54 31
42 30
49 17
31 63
10 19
5 19
26 26
42 43
16 2
63 19
55 14
56 24
49 2
34 18
37 58
1 54
57 41
57 26
47 61
65 57
61 49
34 36
2 60
43 17
47 11
18 1
27 34
23 11
23 38
21 57
51 65
3 7
64 34
51 43
9 4
33 53
18 19
11 20
17 45
32 22
22 42
34 45
13 0
2 64
33 60
51 27
10 13
54 26
3 64
42 31
64 12
62 64
48 49
22 38
22 44
5 15
48 64
13 45
26 40
48 4
43 55
14 19
40 45
15 37
19 60
61 48
17 6
22 36
24 32
54 30
11 11
25 3
34 2
59 35
23 30
15 34
54 9
2 33
2 51
51 43
2 15
26 36
22 22
26 63
9 25
56 50
2 26
39 58
47 42
59 29
25 5
2 48
56 37
23 35
21 49
38 1
64 49
10 8
40 60
38 33
39 16
45 10
39 48
55 47
38 51
16 40
20 64
6 15
47 30
42 58
46 58
25 7
55 48
27 48
10 52
53 20
56 58
45 64
22 9
62 25
13 22
15 40
52 13
40 32
32 38
46 64
43 24
64 9
2 34
44 12
56 27
20 45
58 62
11 49
34 5
49 65
31 21
22 56
14 36
31 14
18 22
38 14
5 49
58 49
21 29
55 22
33 8
36 22
21 27
50 13
40 32
18 36
48 43
26 59
17 35
32 38
50 45
46 41
10 62
16 52
43 6
21 64
8 60
6 38
9 41
38 0
64 37
38 17
64 37
14 4
30 64
34 48
58 10
8 60
21 59
56 27
4 62
4 0
38 41
19 6
8 13
54 14
24 28
34 34
44 25
39 49
1 34
56 53
1 28
54 52
11 62
47 50
25 10
9 45
23 40
34 22
36 26
9 10
23 41
64 62
62 4
52 58
39 39
27 28
7 25
32 41
8 30
41 15
40 40
51 35
32 0
40 17
61 20
39 14
44 25
17 6
45 7
14 29
54 37
62 16
49 33
56 56
25 33
9 27
40 37
42 64
44 15
17 27
14 40
15 57
54 0
52 6
57 8
37 62
22 61
29 2
55 37
41 9
29 57
45 26
30 10
40 44
42 27
27 40
42 7
19 58
4 46
2 2
49 50
28 59
40 1
23 23
17 2
31 46
57 44
7 63
42 36
51 61
47 46
43 63
19 53
9 40
56 48
48 5
17 32
16 18
32 54
54 11
13 45
60 13
54 49
21 65
14 13
2 26
36 44
46 31
35 43
45 30
59 2
18 47
28 40
28 10
21 58
10 61
28 41
42 54
44 28
16 44
20 27
58 61
61 42
49 64
26 18
38 20
33 56
37 39
4 63
20 7
62 47
54 38
33 54
47 4
18 9
65 21
28 20
53 0
11 61
61 36
33 52
54 27
21 25
46 8
2 14
58 57
23 14
11 0
26 0
11 21
44 29
30 39
3 5
51 65
8 21
52 21
12 50
21 11
51 59
36 2
13 37
48 50
46 23
23 27
23 2
25 49
18 50
60 21
1 14
17 6
55 7
46 0
61 47
55 0
44 6
65 58
57 7
20 20
39 18
65 12
28 35
64 32
19 46
7 10
22 39
50 13
25 44
21 24
25 19
42 46
20 2
50 0
60 43
40 54
46 23
16 53
42 16
37 12
59 60
26 25
54 17
34 13
33 21
8 47
10 57
55 28
19 16
25 46
16 8
31 6
64 42
21 65
31 30
52 16
33 44
25 43
60 3
41 38
62 56
48 27
37 20
12 22
23 12
33 62
12 36
56 44
61 36
53 59
31 3
24 60
56 2
36 2
23 1
43 6
40 41
41 64
15 61
51 56
5 10
23 8
64 36
55 58
16 48
63 53
17 60
25 24
15 31
24 3
19 36
41 60
9 44
20 55
11 26
10 42
42 39
34 27
22 17
45 8
22 4
12 52
12 54
41 42
24 17
31 37
9 29
15 63
33 0
13 5
23 5
9 6
23 29
2 13
12 5
54 46
37 14
17 44
43 43
10 22
36 34
26 7
47 39
39 21
65 41
49 10
11 30
18 35
26 27
41 5
14 39
31 21
54 2
55 65
27 0
62 33
30 35
7 3
22 49
20 21
12 49
17 40
48 42
60 8
12 55
12 62
58 26
20 59
31 28
54 44
45 30
34 3
10 10
14 56
62 43
59 27
20 59
15 38
10 9
1 11
1 53
50 37
62 12
8 6
16 21
53 8
4 59
6 16
46 25
19 32
29 22
55 43
47 55
61 32
6 51
23 23
23 51
24 27
52 36
4 5
24 3
24 23
9 34
30 10
19 59
21 57
6 4
30 20
25 55
62 28
2 43
37 25
22 7
39 58
2 21
4 11
10 46
31 38
15 16
9 55
36 54
45 25
45 2
55 48
1 44
51 55
22 42
52 33
56 50
61 43
58 15
62 42
24 65
6 40
33 21
50 25
33 32
4 29
22 61
49 32
60 36
17 35
5 29
62 18
8 22
49 47
6 29
34 13
11 2
34 60
24 44
39 5
2 33
62 17
46 21
61 53
19 13
15 33
65 35
34 28
38 34
21 23
17 28
35 4
63 47
42 25
28 24
56 15
30 41
3 30
59 47
57 13
50 54
4 55
42 40
9 4
24 54
18 40
5 27
31 23
41 63
48 56
10 51
44 65
8 5
23 60
63 30
8 32
53 3
15 22
12 45
43 35
65 50
65 12
40 24
21 5
54 32
41 15
51 52
52 59
43 40
9 51
46 33
39 53
59 2
61 23
13 8
2 8
55 21
54 32
57 36
5 50
45 38
19 23
36 60
38 45
34 2
16 20
36 64
39 20
17 5
43 20
62 52
47 5
51 53
48 3
11 42
19 24
24 18
16 39
10 27
9 30
18 35
60 59
26 16
9 47
12 59
50 30
1 44
42 35
26 2
16 24
41 20
28 57
13 44
11 6
-2 -2