9
3785 6 1101 1408 7950
9746 4608 31 1763 2073
1265 858 1064 3864 1186
4210 8376 240 618 2960
4706 6846 595 634 4614
6907 9836 2427 43 2008
9856 1696 88 1555 8016
1039 5540 1066 500 1738
539 4239 6889 4825 7261
50
2564 3702 5153 2966 997
275 7826 8891 1414 5162
9239 4291 48 4905 3751
7073 184 924 6514 1586
5881 9743 2409 255 7444
638 2016 7483 7459 6908
6868 1492 1624 8169 134
9609 8278 136 1390 1163
8788 9959 1184 3 2358
2137 535 4569 641 1627
3402 9658 2165 224 8319
565 1537 2963 5778 1058
9750 5197 129 3125 1006
9391 8066 327 1343 1617
2507 1225 2606 8621 962
136 2520 78 6520 2612
5479 1232 422 442 6334
6007 201 2417 9299 8381
4526 283 5269 9677 5451
9855 3066 72 1967 3853
402 2478 33 2468 9652
1309 567 8616 734 8262
9969 3076 10 5130 7776
9882 7403 27 2585 9359
5739 9993 2628 6 771
139 9073 59 97 1869
1073 602 169 296 2386
274 1711 174 2018 6449
1609 453 245 9475 729
4824 137 1113 140 8104
257 7331 63 179 3968
2444 399 2050 1124 2833
2054 9829 282 132 6978
1920 33 737 485 5319
311 4667 9525 2481 5673
9881 6616 42 851 9818
83 7710 160 1055 3862
510 4257 9286 5160 3982
44 2294 214 4726 7168
9876 1535 80 350 6753
1008 753 12 101 6331
5529 75 1872 206 6735
556 3271 9393 77 944
6609 24 131 50 1128
4259 360 83 20 9608
707 789 220 208 5767
1062 1256 242 8451 2589
2315 9757 7646 32 6733
5145 62 687 9909 2859
60 7761 185 721 6932
65
6753 2260 1379 1854 1469
6813 1589 2194 3227 2789
9914 2897 72 6707 938
6942 4841 580 13 5246
3054 5058 2988 315 1014
242 3500 2543 1213 538
7445 6592 68 2588 5308
7028 1086 1231 8005 3795
5699 9543 43 419 7187
23 1952 3362 263 7786
5916 8431 51 652 6016
1401 595 7863 5042 2508
3406 5800 1594 2937 4743
1852 5824 1295 11 1641
9316 9952 589 4 8883
5979 6632 2292 2887 637
1462 9212 7543 61 8049
9419 7583 211 421 5220
8464 7519 1262 1687 6132
3139 7104 5819 200 288
697 1349 8922 4303 4596
5478 5807 4371 4138 4494
4167 258 832 8656 4892
809 9294 2392 524 1420
109 3008 498 2187 9196
2617 204 5187 8122 2405
99 7628 1730 1802 103
8839 585 120 1 3236
1950 203 6594 37 2094
9688 1648 5 1266 696
5193 9728 4680 174 7062
3135 8389 2179 125 5969
119 5746 9515 1131 1656
584 429 1884 1872 8283
713 7160 1528 2415 4295
3618 9310 1582 612 6683
9708 5094 13 338 6566
2489 8063 7 1220 2019
6235 90 3132 26 9873
163 2605 12 85 2278
2157 28 3916 5710 4173
313 806 9017 4781 6327
9367 1234 598 4507 9995
2586 8481 370 666 4105
9507 873 292 345 141
880 225 598 6790 7610
9322 393 388 39 211
4774 9169 82 812 6769
3083 8942 1869 344 6021
491 7556 155 2348 292
1299 7128 685 2697 1642
270 7433 2211 2414 8119
9999 338 0 3856 4810
9516 453 171 51 1102
140 5712 572 4257 1897
8269 356 1275 15 585
2984 8681 221 1317 2461
74 8847 3734 907 8835
5191 9990 3780 7 6240
5087 8712 294 24 7174
9910 717 53 310 5850
38 3100 20 1999 8344
9590 444 272 780 4019
1731 205 162 64 2058
8856 187 583 5536 12
71
7742 5875 250 1355 1131
2353 1952 3313 3635 3231
1396 8344 8181 861 4202
1992 140 951 6950 6216
9172 5725 451 697 3662
6098 6876 315 829 6731
9251 161 498 7130 1413
1834 7131 950 742 9249
1486 3968 6294 1572 2116
7513 7542 499 573 3815
3345 9594 2504 242 2500
4253 6933 3191 233 1950
4123 9889 2686 80 9544
1660 2537 6791 4789 4086
7862 9919 698 0 2939
8335 1366 421 1027 485
697 8228 2367 1354 3697
3155 7612 1038 1678 8529
202 2959 1155 1794 4567
3441 1224 3031 663 5511
6618 2354 356 7502 4581
9175 1244 775 982 2182
283 1919 5853 4754 2324
6412 8322 2574 1066 2434
7281 1681 468 445 6663
201 4293 8738 5330 3415
1201 1481 5992 176 3697
9859 8150 130 1746 9112
6580 4 3159 1799 2366
1236 1358 5317 8599 4248
9850 3536 147 4494 2529
864 1166 3311 8540 6297
9217 6540 598 105 354
6077 974 368 146 9184
997 887 4915 103 2423
388 1307 9568 425 5263
1854 440 2649 359 5757
118 3855 8420 1297 3052
3858 239 2653 639 5329
282 1089 4930 1249 5769
100 5383 8857 2113 458
3025 9993 749 0 9746
9328 8077 30 1326 8780
91 2564 8802 1312 7350
9134 2386 654 85 1768
443 9663 7726 301 4769
9047 7639 233 2048 7088
1823 259 109 379 1843
206 533 168 1448 3835
9846 6787 153 1489 9764
907 519 278 245 4468
7558 2497 1436 3 4925
9160 4214 79 5513 7542
1690 320 1605 385 7180
100 8980 9535 511 1184
9124 6926 679 14 6071
9855 2383 112 6055 4091
7846 2476 542 7508 426
9264 7444 32 2475 6174
8961 7029 136 923 6402
6311 44 68 1160 5685
9695 8730 70 317 5863
9642 9887 134 2 3014
9063 6488 82 450 1169
190 1708 9788 8241 4347
1119 280 91 111 3194
97 1191 6438 4367 9685
1308 313 1912 169 85
750 838 737 205 2352
6509 233 3412 785 4458
85 9141 2 384 9864
87
3680 7931 3189 925 7194
3978 1238 473 8553 7922
5084 1871 114 3914 2471
2465 4644 3492 3399 6568
6952 1835 2794 1113 7671
4698 1245 71 257 6888
1738 6062 5689 3178 3309
271 3336 1700 3162 8870
1338 1477 8625 517 7607
9877 9485 41 233 93
2570 9555 5665 266 4655
4968 9974 1582 22 6575
488 338 9058 886 7547
8308 3119 664 5033 2462
18 2256 1957 665 4626
4483 3031 839 521 9957
2726 3525 414 610 5002
8633 9163 287 169 698
5066 2149 1209 1455 1645
9897 5921 62 1633 833
9082 7166 293 1734 8901
9081 6121 386 1403 5352
9624 5004 309 2184 1309
6587 4496 627 5442 2672
8377 8210 1366 876 5129
6341 5435 1371 4027 636
3249 3034 37 447 7063
2931 1363 1577 814 5751
177 4138 4562 5499 3343
416 1386 1865 1659 1313
623 1239 1127 2085 1835
7685 4663 1520 5267 6003
2834 2152 7017 938 8790
4892 4492 133 44 8054
8970 124 67 59 1619
5300 26 1846 3985 3032
207 2155 2578 775 8627
7475 5094 94 236 8791
295 2060 2163 7919 8420
2556 1 6777 3710 2228
9861 4008 84 4844 7599
558 1317 1482 62 1089
9471 9689 146 261 2677
6053 5699 3934 3656 313
5509 9956 949 9 2480
2650 3877 63 253 903
93 3646 9367 2991 2105
66 5524 9431 1029 2298
9900 2066 90 721 4575
66 2928 9821 2225 1577
9770 661 11 337 2816
2399 245 7445 1757 2821
29 1864 10 2163 2415
326 451 75 893 3060
2900 9867 844 9 9212
42 8379 95 1200 6119
117 7975 27 1866 9217
9444 9803 320 42 3104
375 1449 9583 310 363
1087 131 845 162 8068
2925 9843 115 103 1636
512 106 667 1247 8729
9703 9417 199 210 5692
423 153 73 797 1717
3758 9965 812 23 7716
9328 9759 396 86 7797
6057 9368 59 110 7984
61 7752 109 550 8726
9881 2010 55 473 1724
5607 9855 859 58 4083
247 1673 35 142 290
5660 9419 197 40 2454
2410 171 6990 9818 4116
285 279 1967 9564 7383
2084 152 7713 61 3817
9589 9674 260 9 1351
9925 118 73 9758 8679
400 148 9234 24 549
9896 4000 20 5733 583
277 50 893 538 9931
9552 5210 12 4174 9620
32 7372 69 1818 8682
10 7967 6 1701 6061
5 9642 9859 195 4549
9914 1074 10 8794 8864
165 54 9801 804 7941
104 1824 54 5887 4838
64
1650 4541 1588 1384 1282
9361 8080 493 136 6874
5475 8365 1517 434 4107
467 5633 6949 3055 8396
9077 1342 566 3357 6945
6559 982 1695 8999 8755
8295 9456 131 77 3991
1752 5 7054 8707 7927
1640 3854 67 5897 5945
1709 1113 7951 8143 4080
1177 4488 8778 275 8455
109 1609 40 6031 2519
2647 9869 3665 17 1987
840 8973 464 543 2346
325 4938 1262 2181 5505
9818 6737 9 783 7148
9974 1878 2 6847 3295
1485 1286 8199 1585 1110
559 4493 232 4253 5328
404 2451 495 78 6009
248 1216 515 3432 4940
1711 9430 2781 470 5862
1329 1532 8491 1146 5977
9963 1499 5 3505 4553
565 9758 5139 104 5406
975 1971 9013 2887 2480
9176 9706 240 8 4926
9973 5534 15 4201 2665
9209 741 314 68 3516
79 2210 822 5832 5820
351 9942 8168 25 6217
1117 831 133 965 5956
9760 9385 154 501 2589
8320 9808 1282 53 6966
1375 4879 8584 4124 856
1058 276 7969 589 583
1814 9417 3455 499 2900
944 1875 236 989 5806
4370 9340 133 1 9220
842 1010 8483 582 1344
15 8152 215 97 3831
639 94 183 597 5425
4424 9350 4690 628 792
26 2186 755 876 3150
86 335 354 1236 2470
11 5384 61 2332 5014
9791 222 177 285 2208
2086 9980 316 2 5207
112 260 9325 9729 561
9775 489 203 170 9827
57 920 9753 2952 4339
9486 701 506 8894 8053
8994 35 61 40 79
9919 9807 40 151 2126
604 10 8234 98 2533
45 4397 9 4935 2746
9393 90 190 143 670
9639 343 61 27 9169
10 9748 9466 23 4656
17 7916 25 1561 4224
95 9261 9386 175 2504
158 53 9311 68 830
9682 9948 309 25 4067
9131 148 178 56 1125
61
3018 8511 519 71 8839
1226 5963 1928 753 3843
2456 8107 2751 225 4759
6163 1333 3817 621 6771
7550 4859 1621 3665 9977
270 4990 1492 2701 8415
5254 5144 769 3683 6684
7377 4837 2540 3103 6814
1821 1242 664 3148 5193
6802 8729 1532 916 9371
8490 3668 1208 1103 7975
5133 3342 3570 2926 8370
5294 9765 285 10 4431
5348 1192 2096 379 6004
569 1243 2468 3600 9863
8430 9415 888 449 4148
8649 2667 58 6726 2113
8857 450 20 8446 1682
156 5839 2250 2473 7941
8753 944 783 2005 1306
4359 2397 1238 2043 8043
4446 6257 405 3215 5102
6186 8765 513 542 1377
9010 9314 704 649 752
7366 9791 919 97 2890
6374 377 2939 6886 2817
702 9242 8925 271 557
4883 6774 1226 1825 8196
4368 9990 5061 0 8124
9678 3624 264 5077 1620
1921 821 356 4147 4194
3745 986 5806 3735 2050
5102 9895 2062 68 9937
358 2005 9356 1918 3574
3337 9010 5853 686 4578
1794 5679 156 66 4235
999 824 410 8073 4168
6439 7991 435 1988 8376
1652 1144 2048 8499 6983
2439 577 3415 9077 7305
7936 9970 178 13 1345
3477 9923 1203 54 1203
9791 3323 92 6202 1794
206 1090 302 7438 5544
1745 283 4782 534 9875
336 9787 1129 129 8247
3091 159 6838 32 5469
6593 7294 216 115 1803
9959 1166 18 1808 5511
113 8915 1119 1022 447
1440 50 4777 4862 7005
6213 8671 214 45 8071
5303 9995 3275 4 820
9996 4940 3 2155 5326
2234 9852 7493 98 7232
5965 9792 2449 179 9125
9546 8478 124 420 5254
5791 9816 90 16 1029
4611 11 2251 33 9708
4789 9999 3884 0 4528
6990 7298 339 119 6679
79
2401 8465 695 580 8626
1417 4126 4147 4161 9633
6903 6360 2440 1876 7330
1718 8587 7227 370 285
1511 4101 6982 4710 7562
9170 3518 781 1927 9919
6974 412 1356 458 2317
7073 1499 1036 1145 5557
8185 9476 765 172 9501
3076 9152 3062 489 1004
2082 634 7733 281 1715
2955 3342 2383 671 4142
1031 3195 4403 912 3059
2561 9902 3174 17 3462
1053 5875 7664 1254 2566
2111 1285 1988 960 4061
7305 9910 2142 1 1509
840 4959 8228 1569 1935
2217 9820 4110 45 2370
26 8445 8498 772 2466
1495 491 3798 666 9508
6856 1069 1432 1970 7039
4790 2059 404 1027 5493
6235 2023 2474 338 1615
9434 2767 66 4048 333
8953 2998 201 1396 2155
5600 2105 314 943 5039
43 9613 9143 86 8020
2163 9807 1957 133 11
4664 2966 5245 6973 883
9263 2273 53 182 8547
1487 2079 7893 878 9078
1322 2750 163 1451 875
100 3992 406 1282 7025
5327 615 4043 506 9546
9005 587 79 929 5264
2562 1236 5855 8760 3799
168 327 7253 2282 7020
9684 1977 70 933 4335
109 1090 9280 1710 9123
550 4129 710 40 5202
8250 214 1747 123 310
147 155 7230 7938 8394
2083 9851 7910 11 3598
9880 1951 115 818 2663
27 2047 9640 5889 9596
2142 9320 58 673 8728
3521 142 1449 8 7854
9986 7453 5 1672 1384
9877 786 0 1169 93
7230 81 645 55 8956
9815 2763 181 11 6979
9984 55 1 9667 5452
9 7415 9978 543 8309
4623 8 3314 65 7548
1013 9368 116 444 184
7922 303 187 34 8707
872 8116 362 1851 2492
9913 3090 82 2992 8206
5025 143 574 3 5303
9676 2717 92 57 9155
8385 139 66 68 5531
1370 74 204 8180 3381
9457 1635 80 189 3776
9612 1227 3 374 2452
8700 9945 1004 13 2054
1784 95 6295 9628 96
1516 9767 828 5 9166
9611 492 55 1295 1411
3521 75 3847 4 3435
9910 5530 87 2708 543
9876 2680 0 259 3197
40 755 49 866 716
9630 121 95 1867 5346
9953 717 12 169 8540
883 9996 596 1 9634
9223 162 291 9803 3239
5957 5 1244 78 1945
9110 535 877 9409 3258
34
3049 2617 2368 4740 9243
164 2313 571 2327 9557
5549 8875 640 625 8608
4676 8634 1684 260 5215
9145 8027 342 477 3044
981 3845 6574 1236 800
4943 9310 2662 546 1250
839 9737 9100 257 4191
8467 1002 1121 3238 952
5953 3772 421 4457 8621
8470 6446 1011 1623 7672
7876 6515 1745 2554 2061
6324 1385 1328 212 1066
6964 3510 249 2039 3114
858 8799 66 748 1974
165 5934 596 3070 6711
3073 1951 1728 7393 1269
7088 7048 515 667 2770
3017 2268 2110 2855 3003
5589 3529 1777 3037 9983
27 2316 1800 3144 3967
6022 2186 2442 708 2443
1827 5793 908 2562 4353
5894 8347 1149 2 8172
2305 5477 5759 3341 2321
7641 3622 1 626 6298
3205 1650 5115 74 6748
1140 6246 8706 1276 7538
6126 3517 448 8 9856
1107 1028 6735 7333 1922
9271 353 229 8923 3684
8461 604 1439 5156 2586
724 740 4493 883 604
2888 592 5698 134 7109
54
1508 2738 1409 1259 8906
2569 5095 3997 4233 4401
7648 44 568 5122 7317
4437 46 2167 1888 2184
9464 3536 471 3061 7625
549 4524 1333 2818 4595
2025 250 6781 2146 1831
2170 7457 6374 1123 7121
3447 9906 3256 39 6823
12 1963 9526 2422 1308
360 6092 6707 2166 5399
9144 7150 49 908 8205
398 5226 7099 402 372
2401 6042 4504 3856 2715
8899 328 316 1027 6889
9499 1542 361 79 5610
1943 1317 7624 7634 1922
1863 9301 5573 343 2519
7867 9020 1111 906 2264
1346 1080 8620 861 3599
3310 140 3377 83 3631
234 9108 9364 249 4188
1117 9619 7874 307 3107
389 260 1185 5421 6278
169 7426 23 1099 6434
6158 5 1386 9975 7633
8898 342 911 270 3235
196 7733 9468 2261 6935
240 339 9138 5020 5339
79 5928 9905 2735 7783
2690 246 643 3 8983
1513 151 0 73 8377
9974 2180 1 7478 2859
9977 1991 14 3278 3823
131 5673 14 3196 1447
4460 45 797 9954 4526
119 4450 0 1107 7879
8358 244 652 5 4645
2669 224 966 19 3668
2471 169 471 45 3837
616 25 3930 68 4158
58 271 9913 9381 9292
971 187 902 6 8154
9683 185 220 9661 4187
44 8072 4 342 3150
2090 103 5462 109 2137
9927 228 41 9572 4337
4 2845 9990 5667 29
9996 2811 1 283 2385
1079 120 360 85 5139
9324 31 671 44 2613
1836 2 7461 253 2396
1628 182 194 15 7118
124 66 243 9689 3764
72
4893 8086 2496 195 4189
2283 8208 242 952 751
1122 4212 978 264 7571
6300 1208 9 1109 9141
4845 7805 1357 511 9238
7438 588 66 2560 7682
7304 3155 1716 4880 576
2104 8747 7535 716 9110
9909 8583 11 349 5509
5682 9868 2268 104 8041
8088 755 1033 7308 2081
7028 6269 54 1809 8926
6636 4534 2916 3034 6322
2701 596 1242 5789 6579
2564 982 5001 8720 9291
1329 4757 326 2414 7401
1624 8077 7587 1188 8066
1767 3242 272 781 8818
1132 8416 377 400 7594
7994 1436 1452 1630 9963
2133 853 270 1716 3057
1485 3999 7852 5928 5899
1315 1703 114 4058 2597
652 722 1833 4369 8116
9811 3554 156 4623 2900
971 9112 359 255 1397
9602 2847 351 3688 3554
1459 7798 8249 1435 3303
5344 9962 3680 13 2225
286 4365 339 2515 4644
4145 492 2357 284 986
9 493 7882 9032 6509
1458 9650 8167 128 76
3514 488 5542 9500 6908
6827 9998 1982 0 9550
351 132 4990 9412 9628
4591 65 1851 33 6153
7814 30 672 2 5102
9997 8739 0 397 2794
8684 46 1037 392 4916
7279 62 748 236 3894
8304 300 361 35 4512
9111 485 423 174 4711
9478 29 217 934 213
9291 3843 246 6119 8403
9604 6822 113 16 8411
9766 792 128 6251 6711
7028 154 2962 114 2741
9251 1068 86 286 1964
9559 2143 102 158 8561
6550 9990 1852 2 1931
6866 209 48 3 6733
224 383 9630 9319 3285
557 9853 435 135 7989
9969 2138 23 3324 4814
2762 20 2521 9935 8001
9630 9842 253 42 4882
2685 9987 7147 5 9287
232 9718 232 136 3225
226 56 6662 9922 6228
8356 379 113 0 4925
1615 9982 1472 3 4122
8475 89 1250 200 3860
143 9558 9840 239 3864
6897 205 103 155 1595
5976 4 605 8 4584
191 38 9768 9957 621
9989 6928 0 2583 6717
147 439 37 9518 7041
9983 1834 6 4283 9432
126 340 20 103 9937
2274 2 187 31 7146
55
3447 7121 6032 2214 8922
3890 3136 4631 2757 6590
2918 2970 4103 962 3610
4359 6813 2093 2651 6250
4334 6077 4974 3288 1762
529 7038 410 868 3079
7925 2684 937 353 3960
1945 6550 1152 706 7310
639 3956 1958 2827 8906
3179 4513 6353 4801 3862
4321 2207 2419 7176 1075
8590 3379 571 61 5104
3214 1282 4401 385 8084
331 1052 2862 1531 2359
2761 8047 80 598 6408
6084 9607 2613 287 8719
9911 6250 18 1553 9313
9250 1890 95 583 4113
1148 9715 2506 62 1860
1888 2954 1471 6425 287
5850 152 173 9458 6006
9985 987 6 1921 7659
9566 2164 154 4646 3585
1161 888 6406 8574 4463
141 6178 165 2134 6893
8984 3587 945 588 7503
530 8997 9373 601 4062
947 429 2112 3477 4601
6861 667 2576 180 7765
105 3738 20 2683 509
222 4316 8532 695 8680
9862 2759 29 548 7757
8307 1793 3 814 1475
5856 9963 1649 31 4267
3917 878 5080 8831 8444
506 8248 9235 1308 6213
9837 1323 106 1058 2222
9087 1023 534 1381 2833
3060 234 2443 337 5487
896 2788 9027 553 50
269 5146 43 4623 3992
6298 628 1232 245 6744
9967 2980 8 279 7827
23 5076 298 898 194
4305 31 4727 9802 338
608 421 1382 6421 3674
89 562 9716 2270 670
6756 17 559 9885 2019
371 5622 62 1799 3738
475 6554 23 3444 3184
184 3559 9267 5082 7906
9823 3350 128 868 8431
9750 4502 130 4139 8191
243 9975 3656 19 4772
1648 9624 1351 273 5770
92
8319 9732 885 91 3171
3792 9118 1284 604 8211
389 1775 6595 7837 5918
326 5758 9193 784 8210
5081 658 2425 327 4699
8454 2129 1170 2761 249
6891 1508 2778 95 2606
8761 364 989 4717 7739
7691 4811 304 702 7091
9187 9959 719 20 8577
6028 1610 1341 8329 9334
5950 9661 1599 31 3991
3004 1745 1787 8220 7439
2913 1411 2622 8202 1687
5628 163 1136 956 220
1990 646 1649 338 8611
5729 92 2023 1405 8114
341 6837 7823 2724 5306
104 3365 7807 4719 6184
1188 1091 689 8688 8236
5941 9899 4042 98 5947
1122 36 8733 1417 3472
9811 8362 19 1010 5587
8341 4666 1464 121 6683
9205 6729 554 502 1978
678 454 89 214 5384
8739 25 953 1987 7718
7751 9778 2132 77 2995
6867 26 3061 1540 4527
158 9363 8577 565 5536
8329 5351 72 3737 5634
8454 9270 1051 65 5377
317 3082 7801 52 3834
9544 6042 275 2589 9919
9777 3194 126 1178 5033
9970 7764 21 2019 1014
8627 5396 539 2027 509
8339 2080 381 110 5723
8518 5626 1232 1141 2385
8732 1806 1079 5905 6829
9145 8924 379 553 2906
36 8810 8810 665 935
8786 7962 1048 60 1345
137 3166 7645 173 650
870 256 81 969 7645
8003 4024 407 1633 7392
9379 9706 38 31 237
8088 2655 106 875 9592
9997 9655 0 153 1759
9795 1778 90 7952 1306
9578 9258 353 64 2734
2170 1730 5736 8230 4356
725 323 9258 60 317
8690 7663 1216 405 8939
8254 3776 119 4837 9828
547 9971 2282 4 6656
8623 8582 531 185 4298
2379 1552 3531 47 3977
37 3415 8285 1644 1657
438 1283 651 4 1899
1025 79 57 9880 5944
459 164 111 1513 9722
15 3591 8334 4052 5759
8543 4920 175 2736 5041
134 3196 8230 6683 7279
11 837 958 1869 9803
7939 2918 425 16 3117
8014 2585 352 40 8438
8447 2880 1497 5570 4428
91 8678 8347 891 864
5933 1596 87 4 2454
8654 1794 1241 7002 1258
2206 1531 4341 188 8990
329 2710 7587 110 3900
1535 9985 2835 13 8104
8275 1943 2 1193 8813
5614 17 1152 1437 833
5901 9965 28 19 4206
343 819 253 2156 7622
2449 34 2920 1686 1822
338 134 513 517 3990
2862 4 82 15 6260
8935 9709 95 11 4402
9970 6233 4 615 829
164 639 949 187 5281
9270 9495 452 396 5245
8148 1773 1659 637 9592
1579 31 2381 9953 9135
250 3100 8123 4 1522
13 4715 9980 4310 8403
9167 9888 813 111 5031
320 2974 7680 84 5484
35
397 7693 5758 43 4396
743 4762 8838 1380 1418
2685 9314 2483 539 7754
9100 7894 132 110 72
1238 1019 7675 3665 9141
4821 6478 4049 2100 4732
4301 296 1135 6534 7049
9481 391 435 3462 106
6771 993 824 8472 1122
9207 2433 213 6020 6501
9727 5519 73 3107 1197
3017 6475 790 471 6996
864 7407 1194 330 1589
440 4520 9124 3286 6854
7403 9620 1151 175 2281
9665 8811 16 680 7144
115 8007 2518 1766 6934
1106 136 5350 9692 1336
1025 3486 8399 524 7861
7985 9862 221 130 9651
9231 2046 694 7017 4195
360 7964 316 1974 224
287 415 288 4332 6858
9278 1866 192 7338 4564
7243 979 1105 8525 9781
9371 9979 6 19 2277
6500 9555 2636 384 6611
603 664 8249 3232 5510
8974 9214 146 769 8373
9125 9228 757 181 2587
371 7147 47 381 2641
14 9169 8763 578 5942
27 3055 86 2736 2131
9167 547 199 2644 2260
8586 36 1261 221 7734
28
7254 5644 1800 3111 680
9707 5454 235 3456 1715
4338 260 4383 2648 5121
2011 298 757 9558 9412
1133 3144 2261 6177 1941
9029 9644 707 109 1868
9976 5212 1 425 2172
9100 5576 480 953 3087
2394 119 1926 34 4102
1890 2192 1057 790 1093
9740 4410 198 320 2804
9692 1705 200 1331 76
5602 8550 3710 872 667
5037 9751 2334 20 1691
1056 3925 2769 1006 9370
740 1886 127 1138 9043
9572 2038 328 6504 3917
500 8699 3488 459 7104
4283 9111 367 51 7943
9230 1541 494 5828 2727
3477 5344 615 2749 3369
849 1732 3450 3266 1743
788 4098 3677 1912 2340
4582 8282 5399 1565 2073
9121 9958 872 16 5927
4322 2310 5667 1378 8203
35 1479 70 8355 736
669 4755 4291 3716 8104
14
4014 117 4336 5694 9011
935 6544 7096 1290 2342
6471 9571 1552 375 9966
215 6402 349 1051 2575
600 4892 7974 5001 1986
2551 3217 7306 1352 8897
1682 4863 1805 5035 1372
3229 846 419 1102 5333
9287 2110 596 5968 2051
596 7398 9306 1757 4373
2161 4261 355 551 867
1262 1380 8542 5 1021
3305 2691 5877 2148 772
88 1685 787 3434 9437
8
7722 2117 849 1298 5489
1854 7818 1858 362 6818
400 294 0 702 8975
7119 1110 37 1066 6088
2711 2274 6940 1003 3632
3715 473 3002 7627 1627
2067 8847 1554 438 2407
2902 6073 766 579 432
89
6182 4220 3210 3873 9012
8843 9218 1113 411 8971
8807 4126 1030 4746 2336
3470 112 3417 1142 3909
525 4681 750 3832 7011
2035 1613 6464 6179 3395
1999 5349 33 1716 6705
1640 1147 6838 4369 5144
9559 999 359 2664 6915
2369 987 4560 7763 7839
4862 9339 380 88 7291
1679 8329 7003 719 4383
2966 851 14 8234 7680
5041 9107 809 562 8345
1552 439 1376 3508 8555
1954 7409 40 124 5575
1035 1187 395 3275 5843
385 5115 1045 1126 3665
6931 49 982 812 5118
815 1560 693 1195 8139
9968 1182 5 2227 6761
1406 785 8058 7486 374
4640 91 1488 9437 1387
316 9836 3431 115 1154
7218 9208 2351 571 841
3604 9354 2566 297 9031
820 3306 8649 1005 1261
194 1385 65 2985 4583
1323 787 8630 6493 2260
2140 223 685 9749 2529
305 5283 33 4628 7085
661 2404 14 7353 1463
497 4037 225 2809 1638
662 343 883 1274 81
1298 21 651 7146 6550
4929 9655 1249 291 5156
2797 73 6719 9906 9336
99 8566 9785 985 8579
496 1801 90 6138 8235
64 3574 9893 2645 4588
233 876 301 7078 1775
741 2516 62 680 4431
365 294 400 9406 3522
2135 311 7584 124 2528
118 2482 32 4747 4093
26 8197 141 703 3222
50 957 67 8267 8102
1295 7606 8555 290 603
248 8409 35 1578 6408
902 9787 1140 18 5287
9705 468 30 219 1443
1104 17 7409 264 1616
939 168 8855 2729 1957
9979 717 14 1184 2426
13 3717 9956 6258 7463
758 47 9033 220 6155
7084 9992 135 3 445
9840 661 86 88 1694
17 455 138 450 6995
9849 447 140 333 6384
9985 8402 2 1046 1643
45 2407 9919 299 1120
165 3030 21 412 7199
179 2153 600 226 6895
782 2370 9174 1146 1005
9972 7596 20 1593 9646
162 640 73 877 2705
26 1116 2 2485 451
8874 34 470 9956 3538
13 1893 157 1740 989
4 4853 9968 4776 5001
1528 9977 1067 5 439
8 3669 9952 6008 507
583 218 9285 46 6859
5572 0 1916 9983 6012
8945 8 591 9984 6931
118 1473 23 233 5177
795 1649 12 579 1390
447 209 285 80 8929
177 2175 613 572 4683
631 9992 4686 7 1857
8759 14 1076 23 1458
398 9991 4655 2 2883
0 2350 806 1320 7296
8557 9982 1186 10 2627
164 575 136 1073 166
175 506 9664 1421 5800
197 265 183 86 3214
3543 15 1658 9968 9519
73
8231 2932 997 3515 5086
6739 8903 596 585 8480
8007 2462 675 711 9825
7169 4873 259 782 1676
9045 6557 521 2654 7683
9896 2536 67 2931 2011
6791 1943 505 4329 20
5781 5113 346 863 8995
3936 2335 842 4124 1414
8981 741 497 8576 723
9976 525 20 5885 6150
831 1444 1526 7451 3262
5792 4856 312 2091 4334
232 8999 2936 615 6648
5510 6251 2384 2867 1024
2665 2 1984 3223 1915
2733 7630 943 928 2067
2452 3351 148 3938 4677
8694 9219 218 617 2440
5755 1915 1543 3990 7990
1152 1165 5556 159 2972
3041 9841 442 48 4964
163 4325 3362 1200 5124
2078 5 3951 9714 1533
1670 9676 6100 9 9388
6239 9542 1729 257 8552
8145 4437 5 3324 4549
7884 2448 1888 559 9566
6225 918 326 8967 4435
7452 5966 2151 3504 6124
45 5951 6530 2947 3886
1758 115 7487 615 5134
658 4058 7448 5705 5162
327 5765 7789 4046 1239
9816 6874 10 1535 8081
793 996 8062 1440 2949
623 3519 7321 515 6838
9729 9635 226 130 2428
8493 9684 1008 199 3193
665 1421 8838 622 4317
227 925 321 2528 8021
9491 1398 22 732 3005
559 3524 7396 52 3073
9966 7002 20 636 3579
1502 778 8037 9084 3795
1545 594 7791 52 7118
4951 9959 1647 14 3889
755 271 880 73 2906
519 337 9345 95 1912
9813 4769 66 2763 2754
6806 755 953 9129 2279
970 90 8137 706 7369
8076 9975 1073 21 1430
792 3220 8793 232 682
65 2277 9539 2664 1312
744 2168 8981 26 2154
550 1082 223 807 8059
9840 4726 40 14 9455
9475 209 434 407 9997
9782 1304 76 1215 4515
817 781 8876 9140 6112
147 457 481 4664 3568
1664 9958 6694 13 4058
120 9190 9835 291 2878
80 318 532 5097 7226
64 5074 9827 4827 3611
5105 9974 4624 20 7456
9752 869 113 2173 343
9931 1495 31 7152 387
9734 1200 146 2941 5897
950 742 8658 9239 879
98 91 72 11 2656
9807 189 58 4466 8766
94
221 3195 2895 3705 9523
831 2657 1467 6209 2638
7786 1135 1759 2251 1372
923 9925 7748 52 9178
9175 17 397 9192 534
6649 8743 191 497 5009
3384 3945 6379 3435 212
1372 1427 1883 7740 7436
9941 6792 14 3154 2244
8367 848 430 6662 4055
3450 7740 2772 66 8900
487 430 1359 1598 1855
3153 1070 3736 8498 6363
6980 1769 767 6009 5009
6336 483 1949 9396 5698
9768 6997 51 657 1635
2197 1065 3483 52 481
9724 8014 8 1236 2645
3025 1009 2041 8552 2416
2108 568 3106 214 5609
8681 176 359 9393 532
9477 9698 161 2 9907
772 2375 9102 7346 5089
216 307 4605 3841 1378
5856 319 1721 653 8051
4883 509 532 305 1209
193 7299 561 2210 6132
4365 241 4700 9651 8448
9913 5315 41 1294 8243
9235 9798 485 132 1407
9936 840 56 2654 5200
9789 952 33 593 6641
9862 1656 17 467 4630
6173 172 541 52 5361
9922 8547 68 199 2674
4532 75 2142 9903 2635
7427 117 1225 9780 2747
1409 16 3713 9874 9696
790 70 62 119 9044
9850 862 59 602 3
13 764 9745 8983 162
9119 431 564 9370 3261
3 340 9938 496 8659
6690 75 1413 9831 1940
9913 4526 44 3186 5325
9750 9889 28 60 9093
150 281 1 9545 4638
8263 100 447 9817 2594
7826 57 992 12 2909
9880 6674 91 232 5712
6147 38 1043 10 6660
8945 9979 676 7 9567
702 193 153 9596 4665
9984 396 10 9404 6425
9867 2234 43 7660 1916
1252 179 8374 125 4536
5 2747 9909 3809 9941
9 1337 9918 6731 3988
623 197 9060 9674 3417
9995 9845 1 134 732
350 119 691 9774 8291
66 9912 790 39 9977
525 62 4867 40 8184
6 7362 9963 143 8235
0 162 1361 8985 3829
983 18 6432 89 2147
9192 9954 627 18 2769
8937 17 719 130 8208
9966 8874 17 476 2954
9207 13 344 9975 2413
9956 8950 43 106 9491
1166 9872 7960 1 2097
2258 3 6134 9911 1314
1109 9913 237 73 2454
430 68 62 2 7521
9756 9876 84 4 8296
8928 9984 998 0 9595
9157 2 287 9883 7658
9810 241 114 9527 3954
914 9926 8140 27 8979
9768 1012 3 133 1377
9996 7532 0 474 6056
7086 9993 198 3 6765
9956 45 28 72 3836
9749 9931 90 64 1266
9852 9850 73 111 1426
6672 9982 662 8 2065
8818 131 99 9 4996
8473 90 115 2 4531
1183 159 8767 9726 3657
1042 132 315 9743 5183
9982 8528 17 286 1455
9929 9976 58 5 4673
307 14 8569 9957 4501
59
4106 1455 1748 1995 2663
5932 8160 783 625 8047
5130 9161 3159 249 8173
8148 2150 1566 5392 9083
7041 8671 1477 966 8
1079 6093 1915 1123 9474
3632 3856 2167 5664 4361
1459 4405 5695 462 7371
8411 1832 404 8020 4141
885 2518 5960 3664 8592
756 8283 2670 242 3426
5949 728 2 1665 2156
6971 4143 395 856 9782
1225 341 2633 9457 6396
52 1919 9387 4306 7593
550 1467 7481 5666 8842
9681 8410 22 188 2646
5637 173 2522 188 6234
2746 81 548 134 4719
4407 356 4484 355 2959
9968 8209 4 1650 705
7210 9941 80 25 1070
9935 1507 32 1151 9932
410 1754 8489 6723 5282
6604 38 3212 1142 2609
7751 9842 1854 110 4021
9340 7652 602 2061 9723
9784 4941 118 1843 4999
8728 1233 471 379 5211
5564 803 604 469 82
6737 9587 170 83 390
9809 2677 136 92 2768
8570 1660 988 19 299
1016 621 3263 675 1093
24 4836 9920 3508 5690
489 8849 378 261 3088
4830 1425 449 8385 668
6089 8881 2884 763 5368
5030 9997 693 0 1294
4976 1419 802 8544 6503
9328 8679 654 492 9905
1671 310 704 9508 377
443 1270 6810 357 9953
429 480 629 404 7634
9213 8975 777 106 457
4171 246 1262 9505 7255
9977 3024 9 4600 8008
7291 1205 1206 146 428
2992 231 452 9591 4902
9890 4473 29 5439 3918
9682 1841 33 8064 8714
9846 3982 27 6006 1474
443 9681 635 78 1268
6051 9647 1711 35 2212
115 1504 297 7790 4338
557 1035 191 8590 2951
222 9485 309 68 7799
776 1143 85 8201 4143
9024 1790 228 7986 9276
70
3002 6615 3912 2461 1798
2467 9283 765 456 7165
949 6453 2749 3517 2258
2741 551 2567 5872 3624
461 2323 797 494 8394
1356 4727 5187 431 2374
6363 1588 449 682 1940
8249 3136 1048 1784 2754
7986 1207 86 102 1607
8643 6803 1057 1988 1300
430 657 1839 1491 9983
6811 2455 473 2579 4833
6881 2021 1535 3511 4510
2467 1081 5363 684 3560
7157 8060 13 1723 856
5666 3508 631 248 8836
1318 454 3602 4295 9101
9592 4142 122 667 9502
3963 9381 2489 89 4397
9962 461 8 1003 978
5828 5933 551 4005 2741
5383 6456 2292 2887 7230
2277 401 2353 5172 5368
5421 9677 1707 253 3775
9978 5361 4 1711 473
1884 5681 7038 458 2186
4540 6425 588 3262 7779
9937 3079 42 3914 1475
9324 6372 83 2645 5751
1354 5866 65 88 1019
3315 384 1758 9608 3133
349 7826 7441 1960 4959
4677 371 3 1 1972
9234 3008 97 2314 6446
9805 7892 170 477 9221
1835 6235 293 169 8181
5913 4175 787 245 5348
936 4548 5532 5364 7351
118 8691 7780 1291 3878
7819 7515 704 65 923
9125 1177 525 747 8903
9800 1145 90 1778 8398
5414 616 887 2950 1066
8152 6989 430 1796 4833
7605 5667 962 576 1156
534 5329 9366 1912 776
6791 976 775 2027 1768
301 3232 5023 3708 6325
9689 3550 135 1760 822
7360 498 843 50 6638
8222 9186 1276 686 7246
8026 8043 124 148 2689
5412 2249 3536 2294 9890
31 1257 88 2360 8466
8246 1472 433 7327 8871
9180 2250 460 6716 6302
8287 1277 669 93 5435
144 7350 713 255 6704
9127 618 12 321 3825
6643 4866 49 155 7485
1544 328 1252 59 5505
7280 72 2503 741 5980
9792 2040 167 5762 2598
955 107 4979 511 9908
6494 293 509 284 376
170 2369 8791 2797 4936
281 8494 9494 189 1344
8964 2076 296 59 1864
8818 958 230 44 5463
7950 57 1974 8011 911
86
5087 5534 779 1184 8058
8416 2095 101 3827 23
2516 5632 6961 2457 2300
9965 1948 30 5228 8401
5664 8955 1624 217 9027
671 9343 7125 642 9423
4093 3413 2747 4891 4133
5779 9274 3457 58 2329
3384 709 3685 979 1574
141 4359 9160 2893 4977
548 7884 9445 826 2358
1839 3753 7193 5451 6245
965 56 1099 7360 567
6590 2051 2872 851 4528
5344 3317 901 74 1917
2803 3427 261 97 3795
2965 1311 391 897 8702
9970 9404 6 453 8269
156 809 2727 8807 5946
8386 3708 256 5673 2096
6189 2423 3422 806 4853
9386 9442 260 477 2870
2348 34 1151 687 3093
3128 784 4847 2396 7339
440 9827 7714 163 2048
8634 1356 829 2103 74
8650 9805 641 24 9336
9483 1482 117 7597 2943
7830 319 513 9348 2101
4659 3385 5101 5939 6413
9537 527 25 327 3186
3620 660 3259 2963 2514
113 6853 9755 534 7345
2110 571 3761 148 7973
2838 761 4281 28 1232
37 8516 33 414 9596
108 7155 9776 1660 7952
4958 366 146 200 3129
8966 1058 89 8510 1897
9648 309 27 989 1023
8377 1838 193 8030 1200
2895 1994 6587 1017 5182
9772 2628 162 1181 7371
8047 65 1307 71 1377
8504 476 1314 68 4313
8837 9794 207 93 8242
160 272 5891 88 4767
8397 267 926 727 1803
9546 921 310 549 9532
5823 403 3940 52 7762
7650 3259 52 93 3179
8260 9731 1101 189 2553
3 8899 87 979 1351
9678 286 35 2768 6255
3804 3647 265 5676 4550
5673 27 2276 19 47
9362 80 512 887 2558
435 751 242 9195 4666
82 718 7099 6662 1377
9758 9499 66 171 7177
8690 1331 189 8657 7516
7807 401 2112 9390 3589
203 0 2569 632 3762
5747 430 4 99 614
8120 286 222 31 1920
140 9038 9790 212 2121
7489 3260 111 23 6477
3915 147 833 423 1796
7489 764 2462 2483 9702
9798 48 68 9942 5682
177 35 9803 9645 6444
42 5701 39 2577 1834
113 8988 0 973 9401
8232 17 538 9919 7589
8053 14 1313 5 7910
3410 18 3163 9975 5692
315 9710 9631 262 6697
9996 183 0 9362 1603
130 8871 3 291 180
106 9131 15 308 9494
69 572 23 4540 7069
6676 13 583 9979 6336
34 5360 7 2094 1501
7437 16 2522 4 5051
38 163 60 5004 5874
84 8566 18 122 1589
46
9860 7563 35 2211 2049
4683 6813 4053 1362 9047
8284 3857 1668 2361 4467
3796 3702 4506 1970 9246
5215 9458 1749 20 9634
4490 2183 2464 5360 4205
4294 622 5503 8585 812
713 5693 3444 2313 9791
763 9613 345 255 3323
2384 4650 126 4343 1277
1243 1171 1651 8725 4016
2986 8798 6966 810 1413
1292 963 1591 9009 1256
535 5282 32 1332 9902
1168 8048 2330 1577 7812
8678 77 1153 353 751
7475 319 355 9488 56
1075 1851 69 878 7032
7465 237 2484 9472 4357
4101 1244 49 2240 2308
56 5692 695 4221 4140
3930 1183 39 7156 3963
5908 9889 1347 92 6235
4610 211 5345 111 7633
1729 513 8231 362 3760
3266 17 422 4892 8884
54 9474 818 207 4315
734 4408 468 983 6423
9578 9757 219 171 457
5705 9777 3411 25 5462
7458 112 465 9603 5934
1618 835 85 120 9127
490 2640 2694 2798 4754
1086 8592 2663 87 6897
33 8643 4060 1171 2757
1063 2497 2009 7446 6941
369 2286 185 751 927
3128 76 1134 1229 1469
3820 1372 6170 224 701
6084 20 2614 463 1610
406 4924 3098 666 6455
7547 9947 1519 48 6223
4235 6531 5744 1969 8414
272 3633 3461 174 5208
7390 9908 988 73 8972
915 1904 3248 733 6201
3
8635 1432 1241 7014 2872
6275 5212 2325 4749 6374
9089 334 842 9064 2072
45
4825 4734 4836 4000 8055
7331 8859 581 78 5651
6328 813 3264 1606 4600
9969 7479 4 71 9828
4794 9637 894 25 6578
7292 3233 566 5843 4385
6713 513 2610 8987 5876
4752 258 4181 5680 3115
1830 5743 682 1845 9382
3822 5349 5920 4293 1644
91 8498 2038 579 2745
8853 27 851 3 1520
3368 3765 714 1394 3217
2911 1704 1377 5551 248
403 959 2791 5197 5562
4375 5267 5358 4538 3494
1910 244 4313 130 6151
1276 8166 2507 1628 8079
309 7763 140 219 6461
1180 7801 1430 1691 8910
95 6651 1720 207 3281
83 6023 9851 76 4143
1019 6919 290 693 2781
961 592 1993 6660 1199
58 3142 9936 5433 2373
2399 542 1346 9377 2524
713 9110 9237 439 3132
1786 445 2651 9420 5877
9661 1004 204 365 1389
6671 128 2159 6 2624
1193 108 6124 9649 101
107 9482 9878 45 1699
9775 994 111 7909 5531
161 2197 9516 409 6865
200 1593 124 8074 1515
9778 9893 109 89 1794
398 784 9211 922 3772
628 625 9259 139 214
130 2547 9556 59 9677
106 1493 9845 8309 4714
94 2687 9871 198 9406
9455 286 8 275 2094
183 1020 9719 438 1752
44 5225 13 1670 1313
798 9858 5886 70 2660
35
8417 5618 1121 3679 1584
8158 5790 1803 3473 7197
4322 3541 2333 1267 4341
5965 6886 512 2066 1034
2680 1853 6320 6539 1879
5353 368 1319 281 8552
7911 167 2044 8396 8499
4195 9443 4367 221 356
1531 4561 277 3574 4290
1938 7126 326 2066 2393
5005 993 1405 399 7668
4936 8721 2904 1062 5332
2637 6488 2 282 8528
6730 450 683 8080 8881
4543 8516 481 217 5454
634 234 5618 766 8386
5232 1430 54 8458 6157
3757 9799 3608 111 6565
3682 8602 109 358 6506
458 7488 784 2495 1230
8157 8635 1805 1279 2827
9975 9585 16 380 9086
213 4132 1377 1018 9199
274 8751 2625 526 7069
2688 1235 588 8209 7161
421 8366 1403 319 1534
827 7288 448 2699 4267
5868 9966 1272 6 7624
2427 4109 64 2981 794
1021 5425 1386 1448 954
6358 190 1218 1435 2686
778 5902 1804 1458 3783
2676 4726 7323 786 4024
1321 7831 1178 443 8113
1399 2420 165 1706 1288
87
1493 5417 1574 2288 4342
7191 1047 2081 4371 6034
709 926 5368 8254 8418
1011 5 2729 9378 9436
9938 891 45 472 2837
9569 6129 15 2075 2059
9348 2813 361 251 1479
9572 2614 63 6435 2012
2364 9476 1489 203 6701
255 142 7738 4848 4767
531 8480 7784 296 2994
47 2727 9622 6016 1505
8743 8934 1011 877 979
9600 2570 318 24 6335
9636 1436 35 1223 317
8366 650 1305 8589 8310
9830 8711 90 1190 3527
112 1749 9717 8014 3842
2469 9824 5838 53 6295
8949 195 312 23 6996
8075 761 1703 187 9756
9140 375 236 254 5129
5912 9794 2307 111 4459
9871 1352 33 1647 3666
9849 1596 101 1056 6161
9846 1381 140 6565 238
197 1494 32 30 4510
98 33 5426 880 4561
8577 9964 1350 5 2384
7082 140 759 9850 1483
1264 9773 3530 187 286
8396 204 1319 9601 3585
507 9868 8991 34 3133
6320 115 100 9828 1851
22 6608 3 821 9737
6205 75 781 9921 945
9744 291 243 97 3097
119 1693 7 45 8365
9737 1581 75 61 2504
9994 2566 0 2556 4337
106 2122 9734 7788 7674
9586 54 113 9916 8652
9930 479 18 8201 9175
8202 650 98 9300 4932
22 2831 9823 4844 8252
106 1401 116 278 574
3912 9981 1146 6 3714
8169 128 1659 412 8992
8997 11 756 9966 2505
6074 34 490 9883 4015
11 5264 9978 1947 6964
3811 9975 696 2 6614
1239 9927 3840 45 3772
27 8195 9943 477 1151
4 8713 9983 376 9043
5173 9973 3229 10 4024
8540 65 1398 13 2960
8220 578 1762 47 5447
8154 476 1843 485 5786
65 9125 9906 683 5485
8359 9992 1427 2 2083
191 1373 9590 8543 5606
86 1035 8097 8887 2292
85 165 9786 1616 655
9842 98 26 2519 6139
4590 9 2644 9966 9837
1163 9969 40 22 189
9995 7658 0 1016 1351
4 1360 9918 5595 5416
49 9672 9950 67 4576
9990 8122 0 1090 2404
9991 5213 6 2491 9632
8463 9968 22 11 3373
8 9284 9 142 19
9941 9863 47 40 1508
9995 9988 1 3 5739
23 754 51 8928 3894
8508 120 100 9800 7125
8457 9970 1356 20 7937
4852 3 2754 9992 4553
1247 9995 8652 1 6280
7962 9994 21 0 7239
14 7969 9974 91 4757
8458 88 125 9848 4012
21 395 47 7685 2552
78 561 3 670 6280
7718 62 2174 64 5859
80
792 3419 651 3335 1085
8903 6134 347 3783 2433
9714 982 233 7714 9269
4435 1605 1316 6081 7996
480 2885 7780 1058 2378
3270 4068 2973 1085 5089
8717 862 1050 1162 9633
8412 2046 1160 4945 4261
3085 974 4452 7044 2556
4257 240 3568 8750 7554
1600 6777 694 2772 2154
1182 8629 1367 820 3343
2428 1992 6159 881 7727
4943 179 2119 8998 3380
7596 9216 1667 367 4848
594 149 5961 3876 6427
2655 4516 421 2829 9275
2286 5459 5814 911 3957
7400 51 1529 9468 8329
1702 5302 569 791 9889
9961 1311 36 5660 4961
3861 8395 5511 1371 4333
2845 9329 682 651 4044
504 7514 2491 1995 960
4799 59 1507 9866 5673
1117 9998 2384 0 2638
806 6848 236 374 3152
7700 9787 2192 193 4544
9488 372 310 95 11
1954 6543 333 3374 5688
305 6900 1283 2782 365
3213 9131 446 183 3203
3067 9254 6508 15 1872
336 1035 9620 8825 521
154 7 7407 5212 7671
7809 8 1683 2 669
9390 801 166 59 6791
186 7721 11 1262 4273
9773 916 132 5 8049
9842 58 89 163 4340
118 7620 24 1726 4694
9319 307 110 319 171
133 9910 9818 62 849
4269 9980 3134 5 1810
136 5113 0 589 1133
9463 780 434 9211 9186
9550 707 132 34 5135
9427 104 55 15 1200
289 9391 9681 596 5084
111 8909 129 955 9929
20 9982 65 4 1018
95 7965 157 1515 1219
222 6114 33 1791 9690
108 511 9395 2085 4577
57 9319 196 118 7244
139 7284 122 2604 3614
102 4489 45 1797 7424
9123 375 687 119 4120
77 297 9895 859 4166
72 7863 36 880 6020
9511 151 443 143 5801
148 6309 4 48 1030
3441 9988 3416 3 5976
21 527 16 210 7982
9195 62 259 34 2509
47 6628 163 2322 1099
4 1157 90 120 7372
70 810 2 682 4859
9773 81 66 67 2336
262 9025 8 828 2035
9991 8645 1 217 355
9653 133 21 14 2392
27 8098 5 208 1778
66 1096 9 1087 6891
47 5789 156 627 5063
23 4499 14 1947 445
168 5238 130 539 7792
9996 9785 0 31 776
76 4910 77 5027 3316
63 2339 26 6637 6253
78
4916 3582 4193 535 7108
4436 7245 1091 2085 2523
9611 194 161 4999 6416
679 7227 7477 2486 8552
7109 5764 515 546 5746
9327 8240 569 1481 3546
1839 9909 414 69 2562
144 8372 9753 1359 8214
792 1672 2163 2798 908
4474 2619 2747 3845 3589
3885 2105 4670 1424 5706
2714 5287 6024 924 7851
1405 5425 641 132 10
3098 2887 5737 37 1366
4146 2096 5079 1819 4036
7051 1702 2794 101 5860
1275 5472 8233 454 4613
271 3579 9286 3110 5003
8493 7751 990 117 7913
9783 4937 16 2357 7393
8505 6857 1024 1355 600
6843 1267 101 203 3222
3179 2200 367 1181 4542
7464 1619 2362 5519 5029
3540 7223 2500 2713 7161
9375 167 484 1360 2457
588 1223 259 6480 1839
8917 737 48 672 1239
2973 315 4799 864 9093
9240 194 83 952 2027
6986 224 2061 6958 4911
112 8303 295 678 4018
1804 7050 3884 2803 31
722 870 266 8922 9309
3552 6725 1923 72 3512
5157 1632 989 5183 3219
6010 1327 647 5851 4418
5428 168 3446 119 1009
9561 7660 61 441 1628
6551 1252 2742 8570 4820
138 3473 3208 1327 9983
1301 7001 3464 2783 1051
884 247 1205 300 149
1110 6800 3404 43 1673
7448 9859 962 64 4828
2766 6792 464 3113 8730
3359 1515 2467 8468 8726
850 787 8315 9075 5329
9878 3561 66 2771 3549
77 3791 9917 45 1715
979 9918 638 29 2225
8171 9990 183 1 589
9643 8216 99 1607 8116
228 8158 134 15 8655
4463 134 4681 82 3262
9843 6785 39 1046 244
346 9737 9555 199 739
817 445 1619 5 1312
687 458 1948 508 7225
1443 82 90 76 5744
568 9958 1926 3 9525
9933 8335 51 1329 1278
193 2306 9750 3027 7023
23 1225 9883 3367 697
9965 9895 6 31 2428
506 938 59 185 3714
9945 6530 20 1668 7422
9069 404 846 102 4615
373 7499 97 532 1054
1112 177 2348 41 2664
8210 76 1277 9908 528
6939 9985 52 10 9803
2370 453 7562 9492 1135
3682 156 6004 53 4599
214 9792 60 53 26
233 82 6681 7381 5085
6060 74 1172 9910 6737
363 8195 110 1804 6528
100
9920 4798 20 679 3890
7135 9737 1326 132 872
4132 4307 4763 2017 816
8157 6552 984 2180 9146
3639 2591 5291 2723 33
7637 7600 1855 2116 9619
5200 7279 2942 33 60
9721 8790 197 157 6749
1216 5600 1613 1009 9409
4166 1739 204 7754 4378
2175 4448 6957 5186 411
1469 466 4326 8276 1528
6690 1533 800 262 2773
9086 9909 28 27 6236
9313 5878 204 1494 1550
6031 702 1313 886 7850
117 9482 669 402 8029
9305 1645 66 1580 8476
3409 21 915 135 7882
1008 3077 8601 6760 346
1485 210 3074 129 7496
7201 1950 1506 266 9585
8854 794 918 9103 6422
8240 1284 116 113 1498
618 1597 697 3531 2105
4928 212 1696 9672 892
902 9899 866 14 7147
533 1079 562 663 8814
8981 108 54 287 5826
4596 9867 97 72 1445
140 5916 193 4035 4571
407 4133 164 4518 2221
50 7846 524 1822 7692
8645 2461 93 76 2935
7614 728 2343 953 3
921 8260 9034 1156 5006
7678 266 1000 1611 2850
6684 591 2858 1621 6842
207 2688 9730 730 4828
6313 107 297 9830 2577
935 9714 11 99 4533
9941 7196 50 4 6153
408 962 962 412 5011
358 6088 355 1744 1614
3269 381 1196 56 3484
5263 9955 2313 0 1171
147 384 2888 2671 3204
1755 9916 1405 43 9747
911 378 3316 6574 1075
5347 209 836 9676 154
724 6636 9221 1268 1502
5643 200 1239 9725 5185
9971 6420 8 1423 9728
215 4048 301 1255 9116
7087 2395 1092 50 4912
137 6355 9725 598 6095
9820 1721 63 2087 3898
79 1995 9884 3313 2034
2458 140 164 3 833
2626 70 543 30 6683
30 2041 44 4467 103
628 280 39 5456 4698
275 5341 507 4630 162
3508 9913 4097 57 4725
9981 463 6 6653 6727
3999 9981 5829 0 2319
7256 582 1676 9389 765
4760 416 4542 9482 1242
9443 567 160 9365 2340
4905 265 2026 73 5558
9949 270 26 6061 2210
3040 35 3939 9857 969
9813 458 6 5441 8936
2 6240 9890 3110 4866
100 1168 9895 4480 8847
8946 256 1017 9675 9826
234 79 2001 76 9751
173 76 9418 200 9453
37 1561 54 193 6288
2577 11 4881 346 5075
1377 332 56 40 6884
273 5915 601 4068 116
87 1755 12 3786 9111
424 314 8509 14 1111
968 9889 1080 89 3480
9980 924 14 8867 9676
6001 0 2238 3 2099
58 1012 9939 8737 3549
9056 23 340 45 9779
2956 9898 820 71 863
401 0 4400 353 2388
216 9956 9348 35 5032
7663 304 1235 68 9804
1251 9863 1093 4 6761
26 1914 13 3049 2509
129 336 36 589 121
4216 9898 176 14 1567
7803 15 283 46 6003
55 933 3 599 3202
20 948 87 21 6335
40
4235 5422 5230 1987 1431
36 2560 2565 7182 1592
8274 5287 1150 3739 8194
9662 8713 327 424 9133
7137 8473 2605 292 5284
6926 2738 511 1296 1906
4013 3669 4929 1284 9142
2775 3863 7113 4324 2521
6649 1566 2178 7995 225
1610 1935 4224 7908 1281
5005 1458 2011 323 1870
9878 2180 55 1047 6960
4014 1930 1693 7953 5920
4114 185 28 1375 963
8993 1962 843 623 1176
8462 422 258 358 7179
1539 372 5364 783 9370
3048 1806 2254 8097 2186
1560 2025 4426 184 732
1861 84 547 9808 2815
5031 76 1928 15 3089
2760 1659 1036 8215 9011
7288 460 2562 684 6080
9968 2378 3 5493 2224
1623 40 4536 1608 1531
9825 3491 82 5888 4400
9579 2830 225 6117 7022
1224 744 5805 221 1798
463 2186 486 354 8042
665 689 308 82 1695
9807 231 130 975 811
8340 251 980 9432 7484
536 1536 655 8462 823
1569 2381 5037 162 1866
6544 1986 3410 6386 6605
9885 68 109 6 754
1481 1920 4740 387 7550
1031 652 6095 656 4562
6065 1885 47 1719 2022
1521 1682 136 814 9277
61
6320 7904 1661 1548 687
480 8395 1923 342 6476
332 1270 1622 6459 5555
9363 8038 138 763 4828
8330 5841 710 2564 605
9955 5759 3 1765 8443
7015 2398 2440 2121 2749
2088 6401 7172 3530 8913
1897 9364 8 166 7669
3761 3200 1323 1908 2014
9807 1225 91 251 5318
9826 2181 94 4619 1513
6624 2986 3161 3227 2051
440 688 1328 8618 2864
2355 103 5423 214 3337
5945 689 3667 906 4075
6520 6047 44 315 6012
98 7341 9743 839 6852
305 5355 2162 589 2861
2598 980 828 4287 3631
9908 8583 26 567 2623
5403 4287 952 471 4130
209 2230 6682 2387 504
2191 218 6771 4714 1363
9875 745 67 12 1485
109 8675 177 788 3445
9794 1004 189 252 7309
5734 6095 510 3859 3358
6020 6046 3972 3937 4673
9257 270 33 157 2375
9991 1173 0 2716 2289
43 1629 9307 11 4000
139 9851 0 142 5206
303 9034 1696 501 259
4328 9986 340 2 9670
9589 2392 192 565 3657
8977 1642 261 174 2215
9140 1932 358 43 6781
8300 206 1383 0 4142
5330 5880 1291 82 8043
1174 403 188 9271 8908
7024 93 747 3 8978
30 631 1626 7213 1210
9932 3762 32 1397 9608
1222 9850 388 62 1693
3128 15 2518 9974 9439
1710 235 8231 9456 226
1536 289 125 9529 1103
94 8535 266 218 3059
1294 308 156 9685 1860
642 565 76 12 2109
7174 76 1827 8 2805
9617 132 352 66 8114
526 313 978 9578 704
2043 0 822 9790 7357
2697 9960 288 14 3239
25 5823 9958 1592 8101
34 601 201 7565 2115
453 457 9499 9413 4425
7851 38 799 56 704
9725 31 228 96 947
66
4858 5994 784 715 3323
5075 2206 71 1335 579
3931 3087 3029 625 7206
7420 7404 297 409 4140
4572 8420 2690 1333 9620
2981 8646 6231 1182 4074
4814 5696 2703 2493 729
993 3312 8682 2700 2566
2215 2874 4108 5640 4143
889 5405 91 2814 648
5757 1238 2011 678 6878
9451 8681 137 800 3462
270 9602 479 9 2115
753 1075 1081 8263 98
2062 237 2152 8002 834
8681 656 487 6586 7608
9771 3180 37 5404 2019
9245 2445 33 40 7662
9642 402 240 6516 5326
9915 8308 7 230 9910
20 995 9519 8342 7701
1487 583 7424 8916 5372
9900 6674 83 2247 3018
9899 4406 51 665 8790
1382 192 6865 666 2272
952 321 8868 1 7426
9799 9277 170 696 1966
9122 129 30 9775 1756
1101 9433 8661 198 4786
2733 9685 61 244 6699
634 532 8880 8990 281
8511 230 1129 119 761
5700 9890 1016 84 8420
2387 9733 243 38 259
4803 85 1129 9810 9272
3959 91 4363 44 6401
3738 55 3528 118 2142
817 263 7654 9733 7088
203 9849 8863 12 8410
803 422 8625 9386 5586
9661 8070 70 413 9130
605 9989 9225 0 5747
200 972 412 8448 3350
364 9906 8369 54 9035
9902 2332 63 3896 293
602 9895 9063 80 7059
9637 6064 259 1614 9255
8304 244 160 5 2088
9962 6410 29 2574 3936
453 838 9116 8932 9053
795 240 7504 9622 5295
3196 70 4831 95 7950
1511 175 7240 5 9071
9933 1203 36 292 6881
8702 109 43 32 7271
9692 9799 281 12 8948
199 714 311 8977 6567
8789 9842 15 143 4149
270 458 186 9361 9773
6269 4 2058 3 3900
590 9812 8966 181 7111
9623 2299 349 7397 4035
15 198 327 7707 4096
2235 77 6837 64 57
6404 8 2601 174 6601
9237 26 689 82 8044
18
5470 143 2762 8016 5946
1437 1193 653 4486 3070
80 8744 1816 543 1733
8305 3926 1628 1821 637
2142 3708 1377 2317 957
2483 1692 1330 6049 656
579 6080 7771 1143 9545
1324 1482 3709 522 114
8414 2701 1100 188 6569
4695 72 3115 4989 9004
2497 8122 1781 1637 9876
775 3293 281 2228 8444
158 116 782 3887 5313
9194 3395 22 3046 5281
3564 4 2822 1112 5520
1395 4741 2420 3600 740
8234 9020 1092 230 3745
840 8572 6582 770 5587
86
683 107 5974 258 3522
3049 8655 1823 215 6750
4795 7419 120 1492 454
2016 5776 3544 2046 2818
5107 1737 1959 3190 1330
1398 3981 2137 287 9419
2415 9672 3725 14 7817
9825 5971 151 677 2297
1107 9184 8041 548 4798
6287 6380 961 2426 5730
7987 3523 1577 1697 4196
8667 9812 641 29 785
1597 1810 996 5775 3242
8758 387 737 1934 1117
6294 415 798 286 6766
7575 4267 2177 2321 9917
7438 2251 891 81 98
1132 7307 6987 1587 125
9917 4370 42 4675 5486
140 9796 7074 45 7249
872 1259 3162 176 5897
5391 1420 3121 4237 1164
23 3362 349 2550 1196
4469 843 1623 2213 4406
305 6701 5600 1154 6367
1058 8996 3966 200 7536
4797 707 2396 8283 6134
817 4941 2517 1755 9816
6104 9745 3220 233 8114
605 4659 4177 5069 3677
9114 2850 303 167 3260
3860 389 2724 2643 3489
9786 1442 9 4629 1669
9598 7671 381 1133 4092
74 7528 9834 2407 1585
6170 102 955 280 8154
9321 2830 68 4272 144
981 793 2758 3436 9682
3856 3329 4798 950 1351
3783 618 4913 2163 2680
8370 329 1245 257 1921
1393 527 2337 170 4911
197 1792 719 518 6622
7261 207 229 6969 4866
9935 1933 14 1682 4883
6118 67 3812 9926 1852
2464 445 932 311 6366
606 4477 89 5463 9033
1996 26 4209 710 2079
584 3752 46 1829 6817
154 7163 137 320 2155
513 541 620 6106 859
3795 3180 752 1169 4710
483 517 142 4564 6516
32 8709 2 240 2102
1209 4468 1411 189 4435
4276 3111 285 1244 6557
79 6352 394 152 8426
95 898 116 1116 1802
1173 4418 2813 101 141
21 3452 395 3871 8736
13 8869 9965 650 8680
1571 79 77 4248 9044
8050 32 1204 29 3858
2652 4527 948 5454 7474
393 792 9602 1814 915
14 312 532 5816 9467
3974 4562 704 70 1059
9985 9577 6 135 9851
4704 4335 5228 94 7830
1846 462 8095 300 149
1568 506 101 9446 2306
4014 3135 172 15 9337
1985 16 3923 46 2243
4226 9970 871 24 5051
1300 9949 2323 14 4249
9988 7450 7 2056 6331
3828 9985 25 9 5811
2460 9972 3270 9 4666
9994 5406 2 850 1406
837 9953 3395 23 3114
388 260 6 41 8817
1362 478 337 265 7976
4528 4541 41 106 5358
1934 399 58 9537 2495
3892 4529 6094 33 2845
51
8596 2544 1079 5920 9583
9080 1002 154 586 4962
8769 1358 1179 7260 8036
8341 3713 38 5672 9999
2468 198 6899 1504 8320
9001 9188 728 346 5297
5305 5957 1496 2726 2891
8724 1768 1236 8126 6688
502 1952 3908 2273 9085
2720 4733 2614 3131 5369
7661 3603 109 683 1820
8641 8985 9 308 60
9625 968 39 278 3354
4001 8075 1273 1641 8647
2378 5630 5178 3214 1513
7926 4962 66 275 5300
1168 5118 8817 4437 2655
4530 4433 2554 5558 1434
7622 3767 811 846 582
1466 4559 2626 5298 2507
95 9719 7024 11 2835
8448 5054 132 4873 1187
711 913 1055 6948 9498
4540 106 4723 1825 5390
1599 706 677 32 8890
7301 1979 490 1219 3567
3809 1703 5 2530 7723
7315 3571 1067 396 3212
71 6758 582 2763 611
400 1132 183 4165 9161
2149 316 7538 1107 1745
6164 2672 1867 606 1430
7147 4421 366 5424 2765
822 7945 269 603 2799
122 5029 7872 28 113
8236 3118 60 1685 2444
6970 4322 1519 59 3632
56 6337 248 308 1945
9806 546 97 9407 8490
572 9691 204 80 9368
8581 9968 540 27 4188
3743 9879 4336 23 4310
5408 4007 243 272 5958
563 6532 89 3310 7797
1956 562 84 87 5300
2901 1752 968 2574 7961
462 154 602 9711 5420
1122 397 936 9399 2264
4103 1733 266 2731 955
6553 3946 500 399 128
7240 3459 566 518 411
20
3749 5536 1693 3814 6825
3629 838 2415 4119 1157
9454 2554 262 978 2773
6555 667 3390 632 2333
8801 3804 1082 5178 7124
1862 6299 1648 1738 2033
8281 4359 1697 4168 4386
1189 965 1480 1580 122
6412 4528 666 2966 9260
1899 3732 1334 124 2792
8084 3995 1825 1379 9745
5034 593 2086 4881 3181
9085 3574 214 5491 1906
419 2356 6913 1042 8313
4339 373 1729 406 5675
7604 7471 649 892 2611
6884 9679 609 11 1277
2612 9862 3985 62 272
8577 3125 1278 6538 8224
1930 5660 5841 2769 8893
94
2433 4651 1661 1316 6282
794 2879 5026 1828 1660
5608 5191 1123 2673 4230
238 9022 5029 105 3144
1879 4820 4510 3612 329
7562 9294 482 323 815
2041 2124 184 6821 6970
5858 3233 1939 6460 9886
6085 2948 2536 118 8892
3994 9784 1730 174 8481
2768 175 874 2119 2469
439 767 6171 317 9717
7966 6411 1417 2545 3457
878 1435 8830 5354 7199
632 5649 235 4119 6810
7323 149 1185 9794 7829
871 2172 9079 4961 1059
32 695 824 1001 2742
9140 1287 197 7970 6060
1486 8886 8487 887 4940
195 4440 282 1048 42
1493 8136 8367 719 233
6759 987 504 243 2132
1542 609 846 705 2142
1254 312 7594 9187 1969
3091 140 5335 7 8164
6793 9812 3031 155 60
2716 55 6962 28 4641
3556 87 1367 9720 4192
1633 3 3699 57 2134
275 3356 132 228 60
537 1934 9209 1619 7731
1291 82 183 161 7684
25 2810 135 3516 4483
9250 1183 734 33 5227
163 2161 9711 6967 6276
843 1931 9020 7939 87
69 2497 59 5139 5709
9001 530 391 219 1692
1928 216 3271 9710 676
6770 15 2879 229 1662
1395 245 7199 16 6606
668 9784 47 57 1293
45 2219 64 6997 2120
1137 1412 7831 10 4278
63 9927 9936 3 7116
9970 4109 22 5667 3567
1134 515 7896 849 9743
21 2886 9967 6349 1421
1117 67 8845 391 4997
779 405 19 1520 8255
25 1297 865 100 8851
511 353 176 332 5657
9314 756 297 468 9051
23 1928 9794 296 8613
135 511 8867 1281 372
977 64 733 178 4739
250 1809 9708 7439 3236
445 102 492 222 2256
9797 1152 8 158 4891
8853 459 1113 42 6186
1717 9997 2495 0 5501
505 9936 996 12 6596
2186 9968 7454 20 9304
9869 1001 22 310 627
361 9431 201 46 8877
165 55 391 440 4845
58 606 68 1176 7236
1165 52 5248 422 8257
229 9240 1 346 7122
166 18 778 1854 3230
104 186 861 9392 1889
9725 727 193 263 5829
1046 9969 120 17 7838
9179 1263 483 20 2303
9790 1492 157 69 7120
46 378 964 9216 8987
149 9695 218 257 4480
9781 698 118 773 5062
417 9844 326 107 2703
64 9888 1178 109 9619
9600 590 224 814 9681
9834 687 92 799 9038
3644 9944 2842 51 2179
137 106 812 9709 3693
5576 7 594 0 8139
1098 9880 219 4 2343
1156 475 74 9399 289
25 334 964 9349 6982
9723 33 252 1692 1580
953 181 0 9696 4984
9994 1693 2 3356 2170
72 116 885 9642 6595
9160 1138 14 79 1927
71
3726 3395 788 2628 1337
3260 6264 2367 714 2593
7618 7117 216 1087 7418
9127 9428 205 268 4220
8081 3621 1123 3176 4162
5616 5410 2388 2452 4439
9933 4231 57 1556 4380
9420 7576 10 2234 7109
5729 1127 546 2162 1750
4386 2260 498 639 8818
3639 1901 4438 6592 5333
3822 1176 3387 7702 3780
9973 1628 5 1910 7059
2131 805 5868 8781 9114
2033 2112 7630 6562 4060
508 8001 306 1357 4705
1250 3932 241 1741 9308
2984 612 3631 135 5180
1124 2028 254 4701 8956
9078 8773 5 484 557
637 151 4279 5872 9140
9142 675 230 66 1828
7563 390 1808 92 7291
2471 9734 1875 155 73
8960 874 969 7913 4535
604 3231 9337 1213 9857
338 9446 7965 286 5707
7971 305 137 310 6391
9751 9075 68 478 7351
7219 55 2743 668 4324
8019 1403 383 24 573
1638 37 7703 6042 673
245 2579 9734 4408 501
215 5122 24 3238 5959
708 7101 381 241 9049
483 8103 356 390 3091
84 268 287 5956 1719
9596 9963 113 12 642
1907 8558 8048 366 3681
216 8968 1889 2 9082
77 1763 478 6512 6026
995 8357 73 16 4572
1834 7517 135 527 4762
13 5652 9981 1189 8209
1306 8187 433 836 732
8556 9927 1106 25 2540
3855 9976 3240 15 95
258 9268 8666 191 1919
9959 9339 31 455 1359
1900 7363 55 1306 6242
1075 7715 539 1142 273
8911 32 228 9097 6353
962 7486 880 462 9900
1156 7253 294 2524 2067
4744 9879 2775 19 3071
9712 9671 229 109 7548
24 1006 396 1576 203
9504 9028 0 107 9802
328 9987 1792 9 6163
1531 114 56 16 9287
9952 7874 21 1537 6128
1617 9825 5701 85 954
5728 9962 4252 5 227
620 1435 9368 1086 4968
5207 36 4183 9697 3804
884 7508 1120 41 7819
72 3992 3 888 6411
173 9863 7780 51 3593
8447 9947 1419 47 5875
739 7100 746 751 9244
1799 8576 22 644 8486
62
6211 5202 2099 126 1192
1435 9441 6733 28 2794
4785 6141 437 2349 6625
6944 5522 636 2463 7629
721 7084 9218 1393 4100
1232 6814 5693 3075 801
7977 6409 703 2846 1908
9502 2171 349 4352 4834
154 554 8274 5429 6489
6770 6139 1944 141 1666
9492 6733 172 2857 7859
9140 3958 107 1613 5911
9335 6753 635 2482 7543
8937 935 474 2695 6217
1036 93 8782 8916 8979
1230 9884 6129 73 1981
103 547 9732 4531 2654
548 525 261 8750 7173
37 7080 862 2681 9329
201 6956 704 2977 2054
9796 9738 93 188 6708
9890 3291 19 3376 1615
7500 9961 1098 21 3254
7691 9129 1604 365 2132
106 6910 252 140 7691
102 4163 9876 2039 4017
8 9401 9404 413 7411
9603 9723 113 130 4176
191 420 301 6488 5790
9998 6065 0 2975 1982
17 2615 9978 2041 5349
9870 1413 15 4951 1926
965 27 3719 6792 3673
9990 1809 1 6841 2461
1181 9076 5828 190 1315
21 7369 8 1330 9680
136 6903 9853 3089 8484
9936 810 14 1418 1048
5031 4 437 55 8184
8245 40 188 21 2123
419 62 4549 1 6090
50 2076 9919 3829 4148
8669 81 788 9 1024
35 6749 458 1811 2592
825 537 9106 6306 9616
9976 144 18 590 8325
9939 6602 38 117 8843
9895 57 94 462 4184
25 5037 13 1519 1717
109 432 615 9445 5387
6832 44 77 19 4586
2244 2 3594 16 6420
9995 2353 0 2846 9720
43 6468 775 122 7427
53 5981 27 433 7575
903 69 3965 245 5568
3658 21 3405 0 202
43 6348 9928 266 3660
8593 33 1079 39 8419
8427 85 1035 7 4064
9991 1240 5 8699 8816
269 40 7961 192 9237
54
6300 3996 329 2804 8845
9748 1658 114 5427 2791
5416 9290 4568 68 8562
7142 14 2316 5569 212
7409 9658 1215 125 410
6301 7253 532 1665 312
4896 1121 681 4150 1649
1630 3303 5419 2799 9903
2292 7154 5847 1960 8533
2000 8716 21 859 4376
4165 3122 1781 6351 9179
1223 6635 948 378 2727
2307 315 4681 206 2701
1393 784 8320 939 9048
52 2126 2028 3630 3317
774 1142 23 7549 3605
9440 5803 248 3730 9356
9024 6394 285 738 2310
417 7912 1008 1017 997
6516 9159 2178 8 5847
187 8312 9204 1661 5154
8884 6154 1060 1136 6229
683 1294 9139 5482 7509
5427 265 488 402 6148
2207 7030 468 445 8952
9980 6937 13 1005 163
336 1665 9641 19 3184
137 2086 104 6125 2184
4906 291 1342 403 1166
5002 158 337 126 9862
662 238 3558 854 770
4843 763 162 9215 6549
1 6500 264 3302 2915
261 849 9646 998 6622
8994 7806 978 46 8900
9549 656 388 9000 5211
6363 60 3220 712 6823
611 681 3679 6698 2465
2266 8197 6767 113 1597
9640 9789 341 34 2753
1610 7904 20 102 6862
8532 7947 704 86 1187
9968 9832 13 161 1073
1756 7713 7152 594 3558
540 667 4294 5504 2129
9111 7794 157 399 5019
9589 205 369 343 5579
6142 6822 383 211 2745
2024 7644 6536 664 1617
1404 7471 405 314 5055
2663 48 774 40 9503
126 15 4603 1432 863
7101 7028 319 13 3260
9972 4671 3 4971 9183
73
6533 5372 987 2723 9393
2824 2893 4560 1898 1842
1055 7500 3560 42 6162
1602 475 5951 2120 6643
511 7409 9167 84 411
6662 2772 3253 5488 1982
4924 9998 182 0 1222
6420 8455 2036 1207 6663
9151 8846 16 107 8596
1120 3819 1183 1007 9049
410 2775 2378 2282 3628
7747 8410 657 1516 3973
1023 9504 3036 185 206
9749 9244 70 87 1033
2756 398 2093 5903 5468
9975 9769 9 36 7532
33 1671 9536 596 4253
4002 7392 2149 337 715
66 508 7778 5374 968
5260 7078 1261 2655 7553
1698 9091 1702 748 2513
1279 7771 1633 1567 7739
168 7296 9822 2396 913
6393 420 807 9527 1198
8342 1287 1370 1333 9268
5574 6282 699 302 2039
9062 667 463 9033 2227
6166 9944 2628 13 9239
9310 385 300 9387 741
6022 258 2972 5811 5357
9894 556 66 1078 6393
4937 305 4622 5827 5319
9992 2433 1 4838 3664
931 228 2263 6509 4702
6222 6632 161 398 4406
3126 94 6747 6812 3326
5382 7010 115 2965 5444
964 0 869 7212 7984
4189 88 209 7009 8403
1506 7229 1570 2510 512
3678 9790 1531 190 3662
2119 149 696 6716 4397
1942 6985 1904 92 6866
2620 87 4637 9787 2441
60 6082 138 3341 8624
606 5994 92 1294 3030
1949 6771 121 3130 1787
3531 9896 5076 64 1555
4419 6 167 51 3484
569 6005 9429 553 7493
1924 33 6666 7139 8297
6 327 428 7087 203
9917 1830 14 2860 2307
17 9267 11 144 7895
7569 9872 2258 10 6886
790 204 114 6392 729
9994 5683 1 254 6251
9957 1721 28 557 2172
54 8425 2 422 1126
507 9760 1026 219 7199
9152 9855 797 82 8456
805 6815 1036 396 6200
905 5989 9015 1277 1242
2216 31 5017 9837 9898
86 9696 7650 55 3033
2106 9980 1113 4 7352
34 8351 9961 801 6022
721 262 203 81 1127
2703 9949 499 6 1686
6695 13 2992 3 3664
210 168 9786 9669 6128
2254 7 7262 9 2517
8454 9869 227 108 5116
11
1397 1740 6530 5809 268
8968 431 912 1132 9465
1380 6851 8610 688 4763
8962 341 195 3063 7024
1203 6481 7727 349 1897
502 2223 9177 4632 5678
4018 1504 1538 119 2213
478 2285 9380 4560 5971
1251 8311 3265 794 9677
941 7015 260 2127 5731
6170 9374 989 172 5233
24
206 7239 9437 1020 7708
8914 2049 511 2959 6485
337 6743 564 1834 1058
6987 9312 741 283 3656
9605 2814 328 1666 3555
6209 2818 257 952 3693
6738 1252 2725 2022 8351
3368 2864 1344 6806 2128
1311 1740 1482 2699 5102
5748 722 2774 4038 3199
9458 9795 319 77 2247
3082 2363 1809 6234 1592
1486 9169 5040 85 8032
4894 314 3539 6772 5734
8683 3366 802 100 5730
9941 1942 46 3522 3557
3447 1984 994 261 2291
8985 6922 758 2291 2913
2786 9681 2465 286 3370
2571 942 1868 4797 1474
6936 7089 318 1905 5709
8897 8715 1064 1265 9893
730 4417 7839 5445 3493
210 98 9274 1965 6818
53
846 6193 4183 2391 9085
5724 1705 1015 7648 3413
8150 3282 519 294 319
6838 6450 1004 368 9113
8419 1987 595 7747 9307
4701 1781 3287 487 8274
7847 5258 473 647 9440
3792 2680 4229 1448 4814
1387 5525 5858 488 18
6817 9066 1375 193 438
8119 1400 1606 4749 8354
5253 7427 4493 1011 104
9740 5927 9 813 8644
9790 1319 137 733 9340
1468 210 1907 1859 7255
2017 8680 721 74 1219
6946 6136 409 1041 7622
831 3835 2954 4921 2933
599 2400 2666 1126 9406
249 2611 7412 7225 6482
7971 9683 1320 76 9850
7869 221 103 425 534
8932 1036 478 188 7549
4116 1331 5565 1206 9528
9948 2312 22 1779 1059
96 7699 128 2030 5823
9718 9354 203 395 6643
3391 133 6316 1431 7586
69 9960 5160 11 4319
1420 668 8412 1502 2228
829 981 283 880 8154
880 860 382 1378 1887
7720 8488 1835 1262 9268
493 1986 110 310 5245
2145 9841 701 23 5772
41 1247 1279 3677 4179
32 6252 7789 3143 2194
8190 6162 175 129 2893
7722 4422 283 1357 8066
515 1170 875 46 6198
1989 5 7367 21 9156
3987 2318 5992 7631 8433
3920 2510 42 100 9880
774 437 88 157 8793
2188 2285 667 92 7821
2584 9952 1776 26 1580
5048 9994 1928 0 287
3635 2507 191 7400 1364
4995 44 1168 68 4728
19 2150 1393 980 7292
8711 68 1105 9 995
776 173 397 9805 8050
6343 116 1317 9875 9576
39
3478 5680 3039 3708 1463
7905 9308 180 429 1482
9509 3699 215 651 606
1422 1410 6637 3655 6521
1589 7820 1765 832 5268
9887 7243 7 219 4841
1311 6350 1800 1686 3681
992 23 6409 2876 1388
1043 7133 5521 428 65
1285 9494 119 298 8477
166 9205 2631 143 1810
7939 6567 1276 2721 6163
8135 9567 1263 380 7151
3073 9004 251 770 7987
3687 9729 3287 212 9318
3394 9688 205 88 2032
9420 9080 179 211 7169
808 7876 6422 282 4463
8849 5281 629 4261 1083
9509 7038 450 2687 6319
2985 9680 1444 5 1145
8557 4294 862 600 2785
4175 5111 3895 304 8029
620 1581 8992 5887 6297
2086 9378 5634 223 2539
494 7814 25 151 4536
8887 72 997 1497 8731
7837 9417 33 265 6532
472 765 8271 8028 1543
140 2685 9679 32 5907
9659 5634 271 1316 4572
860 9764 1430 12 7561
2263 9738 5419 75 3685
7796 9455 866 202 1862
8383 62 7 18 9770
9977 4256 0 662 4326
186 8767 190 306 9042
128 6702 57 2041 1610
196 277 597 7033 3299
3
9286 3753 644 5400 3893
8419 7868 712 200 717
6964 5423 1030 1321 2176
5
8819 6770 998 3133 1137
3550 701 4860 3889 717
2792 7897 447 100 2638
7545 4833 567 2052 862
2895 1329 20 7408 6547
32
2061 1040 3886 7123 6359
5996 382 1576 4312 4961
9402 1472 399 2726 6061
9015 8088 233 263 7923
516 4854 9396 1791 704
389 17 2708 6662 4851
7504 9373 668 132 438
9987 7986 5 1733 6631
3421 507 1778 78 7892
540 7193 198 42 9329
6284 8827 1913 368 9473
1668 8927 1546 446 461
8093 438 889 1332 5406
9354 2875 4 335 71
8155 7993 690 1867 7724
356 1856 8976 7659 3029
98 7731 9289 1626 838
3558 9581 363 353 4548
3824 993 1986 45 8591
7617 9540 1376 46 1237
9654 4475 271 4856 3863
7055 273 2013 41 1125
9956 1412 25 5262 4991
3 6335 298 434 831
9571 7034 28 797 7257
7883 844 137 9064 2914
7699 548 1334 676 3703
9522 1375 365 6918 5599
6227 160 40 9787 2517
777 9581 3668 103 2239
217 5850 137 3980 4285
8635 9970 689 8 8209
75
485 15 2383 5353 3943
8249 3139 1459 6174 9082
481 3626 6038 2261 4181
3737 6997 1905 1653 9165
9815 1331 94 2384 9034
60 4417 39 2561 6840
3766 1366 6042 7841 2871
5525 1047 3584 8325 9971
6510 190 1786 9487 3369
5014 818 4307 8856 1573
2278 6893 134 2317 9249
875 6527 2685 1402 3008
2959 8493 184 455 1253
9975 785 18 3912 7288
302 7870 9588 707 8777
177 726 6284 439 1135
2398 9662 1885 216 3309
9551 925 217 8793 8321
8804 217 880 129 6046
9036 114 264 9719 2066
713 6040 1858 2893 6727
8250 132 369 9760 5309
2903 297 2063 1637 3377
9891 6865 103 1217 2723
3333 28 4014 2049 5710
653 7255 2966 341 1502
279 5856 25 2516 7810
5270 9733 1575 74 3550
9957 1722 10 403 5481
2693 8890 7174 1049 5994
1039 9643 1652 35 5692
9238 9944 627 27 769
157 5522 44 1889 453
1364 9270 583 476 6807
1599 9032 648 950 3200
396 3955 9477 1855 9203
3622 2732 6327 3797 2255
191 2238 2702 280 9380
507 6890 3196 2911 8591
61 1660 9888 394 1075
80 283 8676 3356 9340
131 6692 117 3290 5158
8845 535 657 33 1344
8296 9966 688 8 2336
8994 215 959 162 4371
47 2510 20 6160 2693
60 604 9896 8908 8195
9 3076 5 2821 313
40 7065 6 468 6077
42 2607 9931 370 5096
8559 61 625 15 761
3965 9949 2928 9 6125
8234 52 1502 95 3518
2893 182 4526 53 760
13 2072 9982 426 9666
3440 17 1707 9965 875
8865 362 26 57 2586
7987 187 1817 9758 1356
55 8794 9917 542 4853
3233 259 6745 9683 7995
48 9333 9935 446 332
9393 168 487 9806 5527
221 269 2859 6 343
37 8781 9954 363 119
662 9937 1886 1 2309
30 8411 9954 894 1311
31 4626 4 1572 4742
2272 9825 34 154 7661
9868 159 37 7 4199
969 9995 8739 0 3830
18 7660 21 36 523
25 1871 4 3528 3599
1 4845 22 426 517
106 9907 984 58 6348
8073 98 21 51 5715
59
107 8949 1186 102 7005
2404 8476 6528 1360 4577
9861 1668 59 847 4988
6313 1703 2082 2098 8287
3504 2001 1792 2857 184
1866 2401 7594 2923 6669
1242 7161 3923 588 6863
2971 1917 1207 3691 1685
57 2949 1779 320 9967
5661 9844 1082 128 2618
1183 8288 4811 1040 387
5508 7651 200 2295 1292
1164 5682 3645 2425 2637
2280 1859 6832 8069 7049
741 2500 905 2093 4083
1571 716 5669 959 579
9702 5491 173 548 4220
92 9046 9483 657 8041
1348 406 1905 268 1426
9855 2253 91 5908 8683
8932 1278 430 48 8190
980 4797 525 2610 600
1751 9727 232 11 5527
7442 1640 59 1 647
3776 232 1178 1509 3073
3317 7 5713 98 2115
3003 403 4918 1363 6126
607 8644 201 1204 2808
295 8175 31 67 2498
403 2726 288 2800 7495
8207 1673 861 19 740
853 1915 77 2901 2669
9846 2439 144 2626 6231
8182 876 1134 349 4515
862 1824 524 6290 524
521 7381 9113 134 1009
2181 9900 68 76 1963
8039 1452 861 212 953
479 9772 8728 56 4798
2724 1717 6673 55 6426
9530 3726 92 846 8950
9312 7680 335 834 7636
9610 7255 170 2420 7967
9078 718 674 820 2381
9351 9819 414 11 9955
8075 1107 71 240 2974
2669 700 6406 1105 6537
1518 5531 107 4221 8685
6431 232 2661 51 1678
535 497 578 5340 1798
484 8105 8826 175 7466
65 6341 9175 3562 1055
9629 2870 165 3191 7180
1725 283 1554 4426 1719
87 1703 127 1884 1533
1551 5521 409 4461 8071
441 1343 1058 944 2574
9218 599 375 9310 2016
9764 1431 111 125 4962
59
2813 7220 5155 1132 4716
53 5376 845 2955 37
1452 4149 45 1886 9870
1034 2130 7990 2274 7280
755 3 4342 1929 1825
8763 684 194 119 9170
5118 667 1806 5694 1015
9035 6304 872 2716 448
3784 4421 994 42 9634
7503 8393 850 270 7210
61 2476 9779 6948 2241
5107 1954 1822 7836 5739
8960 12 913 647 5539
7800 1244 532 383 36
8676 9740 259 259 5192
523 1182 8214 8800 7513
8120 45 390 839 2431
90 1159 8592 8645 2310
6021 627 424 29 8545
9955 4478 8 3898 8894
6923 481 820 45 1126
9004 9866 212 78 3910
6562 325 1200 167 4181
723 48 5372 551 5424
202 722 302 9102 3684
8869 1989 491 126 6839
22 9353 9838 38 2292
45 7274 9923 1198 4119
9268 2247 718 7194 6824
9491 2204 145 7515 5876
15 2823 31 6024 5900
8293 1133 1374 23 1647
276 9889 9172 52 1783
8959 1886 101 7944 9707
9821 9838 128 77 1930
9493 833 199 248 3581
9825 1958 36 210 2173
9 8382 9984 1586 1394
7637 222 1010 78 3008
6250 302 3720 60 5923
456 316 207 360 3871
2812 2 6273 9985 433
9164 2389 64 7588 3837
401 665 9404 1 1910
613 895 23 22 5884
9654 686 16 1467 1211
9787 2084 124 100 8757
9112 1382 300 349 3750
520 968 164 117 6646
681 656 9207 194 9262
9582 1519 45 21 8542
9255 9983 495 3 1536
9731 1068 185 297 6900
4 1315 33 5595 7402
9991 254 1 2205 8784
9934 884 34 860 4958
9926 1088 0 373 3788
9445 1610 245 397 5155
9545 2182 3 1 9264
98
1488 432 2604 6690 7679
6641 3214 2824 4326 9802
9756 7799 82 635 8782
4573 8943 1478 271 5440
9604 7984 29 1728 4927
7211 8478 1187 753 6373
5426 4780 309 1390 678
4120 7792 2586 1939 6992
5361 4380 440 622 683
6608 1627 361 473 7423
9665 3065 79 2259 796
6400 1449 1171 4424 8155
649 1241 9268 191 2424
9985 8175 9 1550 4390
9111 695 56 742 6264
4242 9798 2755 108 1341
5908 1138 2435 8846 9756
4435 291 2908 1797 6009
8648 487 507 2710 8809
827 9929 3999 39 7113
8727 9519 1244 13 363
649 7225 2951 732 3122
505 6841 829 470 9644
574 9533 1855 75 6087
1327 6237 8312 2690 3618
1305 789 6815 4475 9680
3667 9128 244 595 4457
9807 6933 134 10 1290
9862 6960 27 1310 5077
314 5982 9335 1182 5731
702 4832 295 4228 1555
259 2581 9641 2502 6289
583 7459 9105 1541 3509
1503 420 6666 9465 4416
651 1139 83 629 284
204 8879 339 65 3426
7785 360 1970 1 8401
7602 376 1945 33 1768
8592 561 1113 9179 298
1038 196 7944 1270 9544
321 767 9623 6445 4301
7689 142 2126 5 590
68 5167 252 1230 5317
221 7309 245 1498 2468
208 8125 312 610 6325
735 9796 8514 76 9303
661 9665 7790 103 8976
155 2973 101 87 3074
9946 810 2 2644 9937
262 9127 992 786 7367
9848 608 115 7869 5948
239 6420 7 3066 1168
6240 177 3746 2 8945
923 9981 7971 12 1955
6367 46 2288 14 1091
9889 9894 48 56 8824
5870 126 4072 64 8636
209 9054 9528 386 9368
1020 106 7324 35 7967
7069 96 900 9 1916
4109 185 848 9721 2637
263 2512 21 4402 4727
677 102 4409 549 1449
9643 482 138 9389 2922
9195 85 707 112 2957
138 402 112 1010 1399
20 978 70 1825 4906
9960 9546 11 192 3006
552 8585 9276 466 3481
5382 9937 3788 36 8046
1799 64 1493 9861 6238
15 5774 1 3619 8296
8510 95 1439 9597 3184
294 1347 9687 276 254
203 1711 9761 5324 4674
513 8006 68 1968 1392
473 670 487 7392 7665
3116 55 2011 9872 6777
3437 32 5222 21 4780
114 1488 157 95 9510
920 68 5991 33 4316
113 8244 9870 707 2757
173 6515 9798 1044 8312
475 8960 22 71 763
625 532 47 88 3873
5 5177 9971 929 2935
307 617 277 471 3650
39 8062 68 198 2178
5125 16 1320 9917 1575
1488 9516 6900 366 1404
1409 9637 64 149 6538
185 7884 9781 1317 1762
9466 74 501 9853 4792
0 9644 1273 330 1087
143 1987 50 2055 6428
600 360 52 254 6428
62 6853 36 1152 1364
343 605 50 9380 7180
33
2271 7599 4564 1790 8989
5422 4385 452 2783 648
2210 4788 493 4372 5593
9905 4880 49 4450 2035
7303 971 983 4662 1328
1274 2215 2868 3010 1239
8701 5753 1125 2991 2339
6980 7654 252 1331 8871
6884 6685 3014 1463 6691
9528 1581 66 2425 8316
9027 2237 936 1993 2859
9957 1834 32 2783 8815
2341 1795 1315 341 1021
9785 5006 66 743 7602
5024 2327 1224 3957 1296
4228 569 411 202 4244
9458 9247 73 148 6066
324 2144 8 1361 2406
6250 9962 1970 14 495
2835 1053 5579 4607 9226
1398 1465 1392 7318 7765
9958 55 36 8423 1933
3187 956 515 8681 7827
2594 831 831 8611 1047
883 1991 99 5118 2217
4812 6800 1651 426 570
3185 101 2065 672 4730
9356 1275 423 8068 737
4807 7591 1043 1816 9622
128 8668 26 1045 2465
473 7717 6386 1456 4643
2035 5 2635 9525 1144
967 977 522 6550 9770
85
4002 9074 2757 811 3382
2384 8005 4280 599 5077
4969 1255 3471 2138 1008
1682 2985 7980 4754 9906
2348 196 2167 825 5682
296 4256 948 3195 7202
2331 310 4816 1188 7152
463 3981 288 182 1156
438 2366 2796 491 4120
6868 9577 17 207 9417
4001 9848 5760 104 2500
150 9491 406 156 250
803 7887 9025 1273 6058
9400 1591 362 628 7544
1034 694 7585 539 4739
375 7928 339 967 3709
1778 368 7411 1836 7294
4275 2444 263 5425 9367
9416 445 34 497 1216
38 3736 1024 1260 4954
9788 1473 171 809 8884
660 9320 743 177 4670
169 1435 9154 6521 1868
6722 139 1126 167 176
473 9953 2573 24 5627
214 632 9571 8334 2590
12 474 239 9319 808
2198 9894 7570 48 6057
1950 223 3994 9756 2607
9006 9761 45 33 1818
465 9753 8070 166 3584
1 8935 9901 130 4428
9377 9723 588 116 2857
481 134 1785 224 4414
8867 343 843 9037 1011
978 9234 428 73 2496
9988 3654 2 1432 3214
9939 9556 56 165 3548
9904 9636 25 222 6280
9099 9416 586 430 3640
7591 9527 509 35 2119
9274 190 145 2 1385
3154 88 873 91 1969
9885 5040 99 2738 2452
5354 9989 1130 9 534
9827 87 45 2874 1523
9960 4386 39 4833 810
2 5058 9856 1037 3271
8584 9674 1121 52 809
9939 8800 4 1060 7721
880 45 896 432 2253
9734 9557 87 96 8284
9858 7374 22 199 8718
8930 45 157 278 3763
9528 26 223 155 117
8767 147 1026 50 5867
9835 9619 56 97 7912
805 127 6009 9386 3000
9859 52 105 9233 3090
313 9869 9655 33 9071
4235 40 555 69 3291
6532 41 1993 33 3358
9967 1090 25 27 5123
9824 7509 7 1848 41
9838 6969 20 2593 6068
7173 29 416 306 6426
8304 9316 123 64 7534
1099 9639 429 109 6690
7431 9430 616 251 959
9203 114 769 9279 803
9091 5 542 9437 6437
30 224 7839 9692 7768
7882 9263 33 467 6195
8355 136 327 9266 1402
8271 9398 634 296 5637
6775 79 1889 9874 1560
6034 73 327 9896 7525
8299 1 1630 77 7759
181 59 4894 9879 1327
9692 9659 87 320 8121
7978 9964 1458 8 2241
5114 21 1261 34 262
9730 9582 173 415 6677
1 3305 9988 1456 2493
173 9949 659 28 4595
75
426 168 5902 2437 5529
6229 6391 1878 1606 7275
3518 8452 6278 722 6885
5948 104 1377 6288 8821
135 8396 8930 1454 5470
4661 8237 2013 152 8630
3634 6104 3972 2068 5384
899 5068 5043 2415 273
277 7756 2415 312 8930
237 7051 9492 1287 9469
3582 2612 5731 2312 7585
8179 1833 303 4768 6422
4095 4926 3963 122 6300
9454 9596 507 119 3563
8581 5505 1347 265 422
9884 24 51 2922 1061
8506 6914 1429 3021 2315
9315 533 495 4834 5687
9531 6209 381 262 1916
787 6232 7314 393 5470
2083 3435 978 1402 8181
267 5454 8886 1388 8428
9096 4980 66 309 4338
9346 58 127 262 1855
1429 3289 1002 1257 4996
395 226 7626 2760 814
9 2642 102 5589 4902
5545 98 3976 17 1258
3203 3150 166 747 9905
2074 8340 2003 29 8599
369 327 7817 520 6246
8140 975 757 207 4966
1689 9881 835 64 3182
8555 1347 594 759 5371
8935 1206 10 37 777
8138 1918 1089 309 5784
7906 5053 1405 174 6624
4239 8380 2880 1618 1952
735 3177 1865 581 8198
9952 3540 39 3537 5010
8801 496 942 1941 7615
1245 4725 2106 5224 1109
192 7868 9751 98 3713
3122 3986 6803 437 3581
8809 414 995 4817 9165
5934 71 2386 90 3621
1044 4114 157 784 1018
7813 9894 258 83 8135
2873 69 3575 20 2473
3420 49 5273 3844 6686
1219 4835 2331 5147 2035
2226 3110 680 46 7825
1310 14 5654 3996 7587
133 9966 8183 14 6055
9125 266 500 58 2754
9940 3645 5 5066 7385
207 4842 12 3509 3726
223 2156 79 5615 5017
9841 4501 24 583 9179
178 5776 9414 1425 5420
9657 152 30 65 5940
217 3003 126 160 5917
903 3771 8953 677 278
913 24 257 4717 5801
239 1134 9727 934 5171
182 482 9785 471 315
8843 33 700 61 6003
443 3183 103 487 697
362 3498 9470 442 429
2443 9983 747 6 2347
161 6000 9530 1159 7872
9631 246 353 5729 6712
335 3851 26 1118 3285
8128 5043 388 3311 2594
36 1160 97 8247 943
65
6279 2419 3322 811 5944
9460 9782 333 152 8483
4849 9738 392 188 664
2924 8841 5509 705 430
5465 3232 2887 59 2715
286 3886 7906 3726 1376
2153 1249 2254 875 5875
558 3638 7023 6097 9657
1469 443 5924 1130 8036
8803 1889 139 1494 2623
490 9461 8115 126 2898
8226 8702 595 99 3425
8881 8142 616 1254 1932
2923 3065 2217 171 1637
801 1793 8647 1307 1151
7725 8355 1851 1466 4878
9435 3776 324 2714 2860
8950 6434 291 384 345
434 8862 9194 469 6773
8031 731 1284 3138 7418
2191 3611 1072 6175 6776
156 2399 14 3787 5193
8615 4319 1169 1020 2346
284 5260 9552 4044 215
200 738 186 1148 1799
5951 339 2660 1349 5818
1329 3348 3234 109 2182
470 2757 9475 6668 1901
9934 1458 55 7970 9717
196 9823 5573 24 9139
1706 392 1137 1345 6931
1400 1501 8030 8434 7337
392 1217 700 1150 6073
9608 1090 364 1040 4381
3985 291 304 26 2038
603 240 3281 9635 6154
200 4970 34 1200 5364
172 2569 9650 2778 198
4989 194 2202 149 1499
85 3867 27 3523 8126
156 9896 1091 94 3226
2340 193 4854 46 6356
244 510 8618 5196 5563
1519 150 6555 9840 3716
448 9653 9160 127 6956
184 2172 9557 4428 2429
7105 105 1502 21 3804
9926 876 69 8600 3510
6449 135 2712 9858 3936
5813 2 2640 55 5074
52 5945 78 1334 5145
9559 634 385 1395 2347
223 6654 19 404 8681
9 3007 77 388 3754
6446 118 2675 21 7221
134 2994 6 6957 718
113 2771 4 1860 5257
57 5233 20 4579 4118
9944 392 19 9512 2298
193 9685 9693 143 4210
206 9051 22 290 7543
50 5066 9948 373 5325
165 7866 59 765 2473
1133 39 3692 8 2032
163 1418 9314 929 7232
60
5607 5978 1371 3023 3207
7697 7489 9 1839 76
3602 7673 3945 1215 5915
7113 6751 281 2261 5516
5427 3578 2557 895 4268
8699 3288 325 5904 2934
8192 8958 403 332 5763
9482 2145 298 3407 5556
40 3202 2036 778 5650
1615 9256 4765 56 1663
2229 7172 849 1369 1398
374 4558 3976 258 3470
4735 3854 235 2217 7802
5333 3914 3059 459 1951
3083 8556 6573 1364 8935
7896 6299 261 180 2231
4092 3921 882 3230 7534
3420 3409 6013 2639 3428
2141 7044 6400 1068 880
2270 1212 6165 5068 932
9633 7311 250 643 9602
2683 257 4526 9636 129
829 8117 7025 1369 9834
7837 111 1666 109 2824
578 2311 9398 199 415
479 4506 8963 1549 6284
1713 4200 441 5422 8016
526 1876 914 212 7516
1402 6881 758 525 96
1313 2515 276 3754 1492
358 6303 7318 106 5062
2197 6735 7453 238 5181
5651 187 3859 9746 2701
154 5619 9643 666 8399
2690 95 1769 140 3256
1293 6798 8468 872 8981
1424 186 6061 1204 7250
503 1301 9292 7189 6909
448 8805 214 648 5547
1415 9733 8410 4 1505
1231 854 8323 8962 987
327 303 865 67 6701
216 2433 165 1913 6457
1193 22 8500 9714 8272
5447 9956 215 21 2847
1294 9859 667 5 8789
369 8016 0 1396 2782
9782 545 208 8353 4666
238 4592 134 4664 6410
9779 1 2 8920 3549
56 2857 155 4122 2032
1354 9974 5655 14 9059
935 183 187 328 9461
9830 124 59 402 9259
1186 966 2 274 2618
9828 8916 156 526 1860
949 1144 21 8356 8019
225 8745 576 152 8357
458 9546 195 194 4597
719 909 369 8273 8878
88
1957 5973 43 3852 9860
6776 2551 773 6652 1143
4868 1299 2436 6516 7199
8105 9591 571 126 7916
1808 4977 6374 3552 4196
662 1625 1766 2142 4713
7837 372 187 8228 3260
2676 351 6581 3189 5104
9340 4707 68 422 1868
310 8558 7291 1273 1325
2584 2437 6987 1687 9494
863 4466 8978 3467 7587
6220 171 2077 9786 4070
1284 1301 309 2574 396
2550 1887 7178 2079 9115
8 2069 563 706 893
32 8911 8824 197 5973
8863 336 576 3895 4084
29 822 9858 6516 8203
5601 316 164 9654 9419
4151 9897 898 47 5275
528 8134 949 134 4429
612 8126 9171 347 1601
9635 8634 33 318 4180
888 729 734 55 5468
1842 9863 7347 106 5810
9117 9206 840 494 1633
1675 110 6767 8444 8238
2574 9845 200 15 6680
1627 701 8304 7330 8491
2856 8 47 26 7214
6553 70 2890 28 4303
1129 647 75 63 1590
1652 524 7831 86 9297
8933 9476 97 386 9364
8865 8748 181 1009 1122
358 8283 9532 262 6096
905 186 309 418 4655
2162 58 4881 9916 5486
526 608 415 7287 356
841 9877 8578 17 2482
1299 162 7884 9785 5634
138 533 583 8600 1865
7294 9979 2016 2 3578
6021 41 2401 0 1120
105 9351 162 73 4124
9403 8100 573 1829 3872
50 7835 9898 344 4225
290 9496 9688 278 5067
6061 4 2170 9979 2639
748 9871 9230 20 1136
9971 2863 4 4415 285
9939 7131 26 45 593
47 104 1116 8713 689
3817 54 1597 9929 1806
9694 554 103 33 3357
9995 92 1 307 846
274 73 698 9599 8734
68 9872 108 48 1701
9933 7531 30 2463 2386
1318 85 355 9879 173
267 9746 9715 91 6524
1238 268 8634 330 1909
4244 11 305 9980 4600
2680 9985 1559 7 2307
5972 54 3429 3 4962
9988 8427 8 59 2241
2518 13 2566 14 2111
9985 6493 7 948 964
13 3824 9945 2010 6043
9739 9971 175 3 4291
9433 9983 391 5 596
9998 7726 0 2224 6925
2927 1 754 30 2156
9992 5662 1 2982 9058
8592 30 1153 4 1502
8781 9984 178 2 6875
9982 1928 12 5671 8000
9249 9071 94 915 6406
769 55 4647 5 903
9335 8754 646 39 2541
9197 8805 106 96 3111
1326 25 70 45 9872
3802 36 127 7 6358
382 9889 124 104 4195
12 57 9572 5275 7121
657 9881 26 12 3782
6115 9984 1900 5 2350
2
61 7548 1741 2367 6231
4951 2074 369 6437 6381
79
8706 4095 196 2617 8423
393 145 9262 3707 8039
6402 8205 1774 1235 2615
258 2382 9424 7190 4050
8299 9861 111 28 9415
132 4081 9696 5885 5198
9887 4536 63 4298 9032
1569 24 1705 38 5909
9865 4173 87 5625 8901
42 6546 86 923 9361
9862 4732 100 2753 6217
25 1565 9969 5462 221
57 943 9898 317 4608
6415 47 1794 84 546
9935 9921 64 43 9035
72 8776 9773 715 3820
2221 21 536 9947 8454
1151 27 7852 117 2698
4084 22 1554 9965 1896
33 285 229 1194 4198
61 9362 9901 187 5054
9327 126 205 9856 2046
2591 2 2147 9977 1449
21 5991 1 1169 5843
9669 1289 9 8682 1810
1771 9989 819 3 6984
383 113 322 109 4450
9704 324 33 320 5081
9745 47 78 81 1634
2404 12 3479 1 9149
14 8912 9950 957 3223
8119 9973 1875 14 3568
3 0 5665 9252 7881
0 680 9921 1826 2176
8872 9967 368 1 843
7282 14 2251 12 9973
9844 403 44 7687 8192
9954 7586 15 855 7652
1685 9991 4160 1 7652
2479 9982 3965 12 9494
6365 15 3243 11 6157
9168 108 32 10 2422
9973 8220 10 1348 7441
9988 9115 8 779 7043
6618 9985 370 1 5180
9986 9035 1 316 9707
9926 484 21 154 736
9842 8599 125 111 6170
7091 9996 1842 1 9750
9944 345 0 575 6610
9940 9879 6 41 3094
9870 178 31 73 2032
9462 73 138 23 9479
9952 66 26 13 4325
9802 446 134 75 3330
9159 99 306 9873 2850
9956 1360 21 6177 8847
9713 105 218 570 4271
9984 9578 15 114 1963
9680 536 5 90 2657
5745 15 23 9952 2757
11 9677 9970 290 4602
0 3450 0 2159 2666
9543 65 134 0 575
9444 86 420 2 6714
9860 8773 98 60 5096
142 9996 5259 3 4365
6920 9972 345 8 3217
9937 77 5 235 4636
1252 9991 5547 1 8004
9987 8077 4 630 9968
9680 317 261 162 4745
8611 8 31 9984 9405
9702 253 230 9719 4140
9515 60 96 50 8072
9996 8651 1 10 7253
6213 2 3033 9976 2443
1278 9974 115 14 9945
9712 58 172 9 8569
71
5578 1286 2135 2758 4358
3214 8793 3710 1034 758
8585 7472 563 786 5419
6995 7670 936 2131 3506
8545 7137 874 1716 1608
594 743 6270 5010 4829
5497 7100 432 1065 546
7865 2774 1217 3556 3718
3905 6170 1042 1580 8750
2138 8016 1230 1055 8205
3533 7758 1630 747 2747
9594 7192 109 2342 4734
73 1745 338 989 5850
3352 700 5785 5807 5567
420 9191 8696 615 5658
9474 9253 24 88 8009
327 8439 689 182 4674
2727 6977 2388 710 2316
420 8163 5955 1722 2691
2743 6685 4448 1049 6276
1060 633 464 6871 985
8868 74 1115 406 424
6445 8129 3262 1789 824
2290 6146 385 637 9955
2146 6485 22 673 2633
7890 9943 1080 8 3261
399 3374 9301 2109 336
8698 327 106 6196 4578
4562 9961 5129 6 4946
934 7519 644 516 7642
7819 7582 1705 31 2265
3206 6638 5823 1128 2974
28 5061 231 1593 5041
2469 5985 331 800 957
76 7198 1916 1270 8157
2242 678 1328 6703 7950
1314 574 5200 9342 3955
6929 501 2254 7518 9359
9706 1560 58 332 5511
8463 327 373 73 5641
9628 1232 73 5562 1009
9917 5272 16 3064 2804
2986 34 5214 94 5237
8363 312 87 0 4535
434 6093 8990 395 5958
9220 5763 482 4194 9742
9979 2478 9 914 5978
31 4584 320 4789 7410
9875 9139 55 607 9346
3815 9964 67 32 4675
688 6545 6139 129 4384
6553 9959 806 22 8371
6398 165 2133 194 6154
3440 537 2384 9420 994
9779 545 90 7135 451
436 6913 599 70 1932
4773 509 42 19 824
1341 419 1553 111 8271
2910 304 671 172 1495
9744 7593 240 2172 2178
548 1651 8722 1290 287
9765 7017 197 2764 2500
2413 91 419 204 6012
531 232 1711 6517 8315
777 209 2956 6919 693
4404 267 960 107 4157
311 4298 9420 5474 3474
25 9852 208 94 5805
8838 9932 73 60 1137
5114 535 1526 0 2946
484 2393 8861 338 6101
69
3361 2092 2162 5691 6531
8641 4228 1301 2010 6338
2180 7389 593 1261 8132
1065 7147 8553 2585 106
2073 2421 4585 244 5280
1107 3956 1032 1984 4463
8032 2260 665 470 386
7075 6500 1516 97 8370
9763 7273 130 1326 7278
9118 4145 848 2414 2931
933 5662 118 1571 5474
6593 702 2102 5297 199
2562 139 6021 1717 1739
1846 2119 7079 4902 1029
741 9190 9150 145 715
1329 2046 2161 309 6859
9063 2285 7 4387 6628
9647 1685 100 2010 8073
208 3254 1287 2084 4540
1666 3126 7432 563 373
224 927 943 1321 9802
821 572 1201 8041 5838
3053 9768 4839 125 6912
334 8452 239 244 646
2578 1947 514 7919 6963
40 2631 9087 3801 8659
9885 288 45 8589 166
2278 185 217 88 1961
9799 4065 29 5296 1792
9479 3007 473 1033 2115
3040 38 1797 94 8166
7913 7088 1104 2755 6429
9623 2307 316 6874 5272
9630 1611 178 593 321
6338 1959 2668 7805 4287
274 8397 125 892 9442
2199 1138 7769 285 5316
8572 9959 572 6 372
5004 109 2344 1771 3598
9098 6840 502 3075 9691
2956 113 4661 1807 8723
9180 2737 394 1167 6124
9795 2281 57 7417 8651
570 88 5171 9483 9025
84 7432 9871 1542 1036
6546 9950 2712 11 3358
9942 240 53 1390 3510
9006 13 369 128 3931
5134 9738 592 28 6117
9630 9352 244 160 1355
4350 9919 2437 37 7468
9321 194 331 3751 1273
984 9760 4795 146 6252
8781 1518 960 8380 5297
9037 615 781 508 1475
7780 34 288 9873 2060
8896 989 29 519 3060
4 4991 9982 4753 7808
9775 468 55 9410 4894
4932 86 1854 9873 7443
9939 2096 18 44 7263
500 9804 54 106 5106
9660 507 209 43 3671
462 612 9308 164 5258
7218 45 1621 53 9141
75 2054 29 69 5169
142 9913 8239 72 5690
423 2434 0 11 1409
74 465 355 2034 8883
61
5423 440 4034 8418 7127
616 2089 969 3009 7658
8393 9522 475 31 8511
4202 1460 5426 4345 5284
2724 1128 1835 1956 9487
1742 3253 128 1310 3776
9903 1096 85 5126 5523
477 6166 3553 2368 3603
656 8948 1462 660 9857
535 4800 1764 4666 887
5230 6674 92 1938 6076
4998 444 4964 8301 7268
3533 229 1139 4972 417
2981 5750 838 91 9585
4048 8610 770 510 389
2127 919 955 8982 8928
8056 9240 190 610 9111
8522 9723 1003 252 9690
8158 183 1093 174 1987
1768 1330 118 1777 2672
5884 9256 634 387 7420
2531 705 736 188 7687
3814 9531 3402 444 9935
2143 773 2540 9156 6651
383 8982 9319 968 1178
826 195 5215 1258 6883
46 8973 8812 388 6383
318 2107 1653 105 4373
267 6776 4542 1272 2862
3316 178 5244 9791 1573
16 6892 63 2782 9671
8373 9971 1180 25 291
9789 211 142 8829 7905
92 7640 74 579 5482
358 8874 8255 578 2631
533 4859 1 4006 5784
1499 102 543 9871 967
290 6424 176 1872 1660
585 3338 24 949 3427
118 4026 457 4767 1909
2604 160 2398 16 3449
7 3047 243 2047 3014
2876 110 4521 46 574
757 1163 8 183 8550
360 2902 1766 1080 1521
447 1391 347 665 7462
741 758 8 7 4673
2074 4045 28 726 3202
619 234 8780 333 6580
81 268 216 707 1966
3 4077 2059 25 6030
351 8876 9143 967 544
170 1143 622 162 2745
350 1427 96 1643 5469
252 3619 28 393 7604
783 662 9205 674 7610
136 1372 39 8563 7643
292 9783 9460 169 4534
527 91 9325 430 2583
184 2736 82 43 3560
334 1129 11 1979 8442
0