557 451 650 290 631 810 1012 247 1003 772 810 872 464 68 89 390 
505 841 438 553 911 551 44 447 550 677 845 395 407 156 846 964 
606 471 229 212 257 217 458 235 988 243 82 427 310 170 816 814 
1011 229 342 897 780 386 319 305 38 139 699 444 294 521 383 899 
1 612 86 223 828 543 457 791 785 538 193 70 708 1008 883 1024 
212 201 566 991 586 885 272 623 1023 970 42 293 466 425 167 433 
12 253 655 839 795 88 605 556 625 797 625 308 780 484 1001 991 
684 543 958 245 403 205 867 401 150 908 693 616 308 860 24 319 
88 678 133 882 765 737 413 366 509 14 673 264 497 650 231 156 
168 164 400 570 368 242 970 517 125 639 108 433 474 131 751 561
21 22 23 24 25 26 27 28 29 30 31 32 33 34 35 36
11 12 13 14 15 16 17 18 19 20 21 22 23 24 25 26
2 4 6 8 10 12 14 16 18 20 22 24 26 28 30 32
0